0 139.6937 -6.419992 
1E-06 142.9975 -7.548067 
1.918373 139.6175 -5.717068 
2.61216 142.7632 -6.57416 
1E-06 139.7433 7.891045 
2.626918 137.2767 3.443276 
4.180199 140.4243 4.874808 
-1E-06 136.8125 5.430567 
5.258645 141.6732 -0.01658 
3.608914 138.7346 -0.537957 
3.216999 139.637 -3.948129 
4.89364 142.8918 -4.149605 
24.28953 183.276 17.06864 
22.92325 177.9589 21.59492 
28.86014 179.4197 14.26733 
26.67644 175.2953 19.23738 
1E-06 144.6727 29.34826 
6.647639 148.3448 30.30498 
4E-06 148.1148 31.89622 
7.269284 144.6988 27.93603 
12.98702 149.9529 27.86888 
14.48688 146.0335 25.68929 
6.972148 192.4576 19.87742 
0 191.9554 21.50894 
6.008098 184.7367 26.31862 
0 184.3347 27.37952 
7.551732 142.9188 22.72292 
6.758275 142.1526 16.15724 
15.10855 143.4135 21.0429 
14.85133 142.8706 14.81472 
2E-06 142.5231 24.29881 
1E-06 141.7248 17.34935 
18.7812 185.3995 20.32307 
12.26813 192.7409 17.06594 
13.02074 185.6228 23.59005 
18.4262 191.413 13.75142 
21.56226 145.167 19.46878 
21.96857 144.2153 13.39451 
6.788902 142.0134 10.77651 
14.65542 143.4103 9.786383 
2.389455 158.2641 35.80928 
-0.004202 159.3858 33.91954 
-0.002234 158.527 36.64153 
2.172588 158.9397 33.18704 
0 141.3507 13.17299 
31.15362 155.8489 9.424576 
31.98637 159.1271 4.856246 
31.98528 160.9223 9.627652 
31.78761 156.0012 5.280277 
0.001364 152.6987 33.58042 
3.119028 153.3857 32.90759 
0.000955 154.3934 35.10778 
3.669808 155.1117 33.44876 
29.91459 156.4531 15.49063 
28.00738 151.2475 16.51354 
28.97688 150.7547 10.27663 
30.50534 161.4337 15.44149 
32.13927 167.1609 10.41895 
30.39717 166.2198 15.97528 
6.09851 141.7345 6.523446 
0 140.668 9.806016 
2.695381 159.7176 31.98241 
-0.003192 160.0915 32.51298 
31.77818 173.8889 11.49998 
30.5577 183.3978 7.774131 
28.86014 179.4197 14.26733 
33.12852 175.7073 4.074328 
24.28953 183.276 17.06864 
25.26572 188.3114 10.5106 
29.52237 171.2734 17.00715 
31.77818 173.8889 11.49998 
20.95974 144.6904 8.482702 
9.613791 171.7161 30.02459 
14.14441 168.934 28.63346 
14.09787 172.9122 28.4872 
10.50836 168.3055 29.66573 
23.46654 156.5431 23.28113 
25.54901 152.3435 20.73255 
27.49448 157.1037 19.71523 
23.33502 153.7554 23.02529 
17.32423 169.4445 27.36871 
17.90615 173.7041 26.61544 
22.67356 169.4268 24.31782 
23.22816 166.9311 23.94573 
26.4639 168.666 21.24173 
24.45346 171.7432 22.55384 
23.47507 163.6237 23.73001 
27.65071 160.8765 20.00337 
27.3628 164.8691 20.52546 
23.51614 160.0219 23.54259 
3.273272 165.3356 31.01242 
7.390387 167.6547 30.33856 
4.911756 169.9846 31.16265 
6.587583 164.8354 30.16182 
4E-05 169.0691 31.77254 
-0.000108 165.4097 31.41047 
21.50496 173.3438 24.46219 
20.35346 169.6004 25.79793 
-4E-06 162.5942 31.32861 
3.087377 161.1833 31.17299 
3.144308 162.7935 30.89585 
-0.001223 161.0384 31.77474 
7.681026 143.2494 0.891921 
32.5018 153.3487 3.036026 
32.28752 152.1994 2.034915 
33.69382 153.5409 0.79398 
31.73261 152.272 2.935529 
34.28978 156.0259 0.1121 
32.91933 156.8168 1.249654 
33.14375 155.613 1.747905 
33.82203 156.9779 0.612297 
-1E-06 145.6264 -9.426163 
3.425193 145.4069 -8.346703 
9.170324 197.0558 9.110752 
17.01908 195.5251 4.900131 
29.97603 186.921 -0.295203 
23.61703 192.5119 2.08425 
7.966269 197.318 -5.366475 
15.01937 195.2669 -6.577321 
0 198.197 7.950251 
-2.7E-05 197.8246 -6.047426 
7.703515 190.7122 -17.18349 
15.14744 189.3913 -16.01358 
0.000287 190.6831 -18.37331 
6.954841 180.3907 -23.7735 
14.17594 180.0657 -21.81303 
0.00026 179.9384 -24.61013 
6.267259 155.2858 -17.61485 
-1E-06 155.3923 -18.39553 
-1E-06 162.7443 -22.82456 
7.008547 162.2946 -21.99462 
16.15044 155.2686 -13.84015 
17.99956 161.9137 -17.64427 
21.56114 155.2225 -10.60529 
23.22931 161.5109 -13.86284 
19.54905 170.1154 -19.66254 
25.50618 178.5661 -15.46925 
24.83514 169.4553 -15.67708 
20.18031 179.3695 -19.18862 
8.588774 145.6271 -4.831251 
11.89712 154.1267 28.95858 
5.076833 151.0322 31.26686 
-3E-06 150.4896 32.45301 
4.371162 149.5892 -12.58778 
-2E-06 149.5462 -13.22224 
17.33794 151.2765 26.00798 
19.43112 147.9269 23.79933 
33.04991 154.2324 1.540702 
34.33133 154.6897 0.073298 
32.43883 159.8153 1.834134 
35.22366 159.5061 1.448827 
34.85727 159.379 0.071931 
31.98637 159.1271 4.856246 
35.87891 158.4321 -1.260782 
37.2 157.9306 -0.023541 
36.4226 155.647 -1.898084 
37.64674 155.1442 -0.955595 
34.55042 152.9362 -0.954265 
32.9638 149.7529 2.230377 
31.09533 150.3694 1.101524 
35.60108 152.6045 0.051917 
28.15552 150.2616 3.572349 
29.30828 150.2213 6.229683 
30.42797 156.6493 -1.067539 
35.87891 158.4321 -1.260782 
36.4226 155.647 -1.898084 
31.4232 159.0884 -0.189461 
34.85727 159.379 0.071931 
32.43883 159.8153 1.834134 
29.422 154.479 -0.288763 
31.09533 150.3694 1.101524 
28.48444 152.0467 1.241282 
34.55042 152.9362 -0.954265 
33.18848 176.7898 -2.402734 
27.37534 155.2885 -5.437026 
28.23866 160.5891 -8.068441 
29.7956 168.9352 -9.327901 
30.38093 177.9244 -9.774071 
32.68061 167.8878 -2.204516 
27.07748 186.6884 -8.68324 
25.19949 184.083 -13.64507 
21.03638 187.0318 -15.02119 
20.68335 192.6023 -7.2901 
26.41873 147.009 12.33071 
25.29659 147.6137 17.80007 
22.86881 149.8221 22.13276 
20.9847 152.6276 24.3224 
16.42205 154.991 26.9846 
-1.9E-05 156.4514 36.4065 
3.452775 156.8188 35.04515 
7.695766 155.4532 30.64236 
5.331006 156.5 31.74408 
3.853143 157.7766 32.48277 
4.059242 159.2391 31.60266 
5.9629 162.5075 30.3252 
5.633502 160.0418 30.78301 
9.974864 162.1 29.43466 
9.479259 159.0169 29.82794 
13.36786 158.2551 28.58629 
16.73699 158.7831 27.16956 
10.28464 164.9931 29.34735 
13.99608 165.4899 28.44096 
17.07152 165.8707 27.33409 
20.13963 166.2927 25.8456 
13.98658 162.3004 28.38413 
16.94376 162.4077 27.26096 
20.08448 162.8943 25.74266 
19.85266 159.3498 25.66075 
20.15751 155.8519 25.19406 
30.50534 161.4337 15.44149 
30.39717 166.2198 15.97528 
29.91459 156.4531 15.49063 
28.00738 151.2475 16.51354 
25.29659 147.6137 17.80007 
15.10855 143.4135 21.0429 
21.56226 145.167 19.46878 
7.551732 142.9188 22.72292 
2E-06 142.5231 24.29881 
13.53369 178.0519 27.17705 
18.40111 178.9688 24.3597 
13.02074 185.6228 23.59005 
18.7812 185.3995 20.32307 
24.17177 150.8414 -3.336968 
29.422 154.479 -0.288763 
28.48444 152.0467 1.241282 
18.69829 150.358 -7.161363 
12.99161 149.9841 -9.569092 
13.66224 144.0899 5.021265 
13.88854 145.2584 0.688569 
15.36241 147.1984 -3.577426 
19.83939 145.7358 4.296123 
29.30828 150.2213 6.229683 
25.2749 146.6582 7.713375 
28.15552 150.2616 3.572349 
24.06177 147.6187 3.962074 
27.93764 150.8789 2.536536 
28.15552 150.2616 3.572349 
19.67236 146.8857 0.624844 
23.95391 148.9334 0.63483 
27.93764 150.8789 2.536536 
32.65317 151.8296 1.892278 
34.59324 153.3966 0.866033 
31.42719 151.8638 4.073306 
30.47029 152.5302 6.014295 
32.26542 153.2193 4.148199 
35.88941 156.2621 0.408853 
34.77466 157.7802 1.193252 
33.01871 157.4086 2.268828 
32.97619 156.3211 3.205934 
31.78761 156.0012 5.280277 
35.83363 154.6698 0.112201 
31.45499 154.7048 5.573986 
33.25865 154.628 3.39059 
10.80543 155.299 -16.23235 
12.565 162.1598 -20.3108 
8.362372 149.8099 -11.38146 
6.054254 145.4033 -6.570994 
7.385935 171.0072 -24.44175 
13.77992 170.7737 -22.53136 
4.4E-05 170.4267 -25.12809 
0 174.8105 31.19827 
4.31022 175.2484 30.71487 
8.23809 176.0947 29.64348 
0 184.3347 27.37952 
6.008098 184.7367 26.31862 
20.07225 148.4028 -2.788692 
32.10987 162.4634 1.441166 
31.51361 160.869 -0.688321 
31.51008 162.3979 -1.474846 
32.04043 161.17 1.626285 
33.07027 167.6095 4.001664 
32.13927 167.1609 10.41895 
32.57154 162.1604 4.199279 
32.0307 160.7822 4.09396 
31.4232 159.0884 -0.189461 
30.42797 156.6493 -1.067539 
30.47029 152.5302 6.014295 
31.45499 154.7048 5.573986 
32.93243 167.7779 -0.319017 
32.43883 159.8153 1.834134 
1E-06 142.9975 -7.548067 
0 139.6937 -6.419992 
-1.918372 139.6175 -5.717062 
-2.612163 142.7632 -6.574158 
-2.605641 137.0834 3.341684 
-3.958656 140.3309 5.261496 
-5.259485 141.6725 -0.01676 
-3.613698 138.7331 -0.538339 
-3.216845 139.637 -3.948053 
-4.893642 142.8918 -4.149607 
-22.95079 177.9749 21.6314 
-30.45568 179.337 14.09791 
-27.01406 175.3654 19.41321 
-25.13286 183.0975 16.81471 
-6.647524 148.3449 30.30467 
-7.269311 144.6987 27.93609 
-12.91776 149.7754 27.86338 
-14.23063 145.6016 25.57886 
-6.972156 192.4576 19.87745 
-6.008191 184.737 26.31902 
0 191.9554 21.50894 
0 184.3347 27.37952 
-7.520746 142.9107 22.70701 
-14.79172 142.9958 20.914 
-6.761214 142.119 16.15842 
-14.5783 142.3397 14.79525 
-18.78089 185.3991 20.32264 
-12.26812 192.7409 17.06593 
-18.42608 191.4128 13.7513 
-13.02078 185.6228 23.59015 
-21.13745 144.3562 19.36993 
-21.54524 143.4773 13.37156 
-6.754491 141.9884 10.77295 
-14.34004 142.9777 9.816427 
-2.381622 158.2537 35.80588 
-2.160438 158.9249 33.18144 
-31.67403 154.4556 8.173685 
-32.85611 157.0633 3.869291 
-32.61147 154.6797 4.596641 
-32.32638 159.7577 9.163709 
-3.669443 155.1119 33.44854 
-3.121382 153.3836 32.91155 
-29.00259 149.6316 9.299795 
-29.89696 156.0123 15.21974 
-27.82491 150.6924 16.48422 
-30.62804 161.2726 15.39611 
-33.5061 166.9432 10.3877 
-30.86219 166.1771 16.28812 
-6.098451 141.7346 6.523432 
-2.693748 159.7153 31.97855 
-33.82463 173.9686 11.63968 
-32.57632 183.0514 7.592459 
-35.66874 175.7829 4.132328 
-30.45568 179.337 14.09791 
-26.67783 187.7619 10.23621 
-25.13286 183.0975 16.81471 
-33.82463 173.9686 11.63968 
-30.19899 171.344 17.36424 
-20.51259 144.1073 8.544879 
-9.61268 171.7159 30.02057 
-14.14425 168.934 28.633 
-10.50746 168.306 29.66213 
-14.09755 172.9121 28.48635 
-27.48128 157.044 19.72064 
-25.36878 151.8071 20.73601 
-23.38744 156.2632 23.31175 
-23.1711 153.2277 23.06002 
-17.32423 169.4445 27.36872 
-17.90615 173.7041 26.61543 
-22.67355 169.4269 24.31781 
-26.51506 168.6698 21.29896 
-23.22816 166.9312 23.94572 
-24.47026 171.7477 22.57508 
-23.47509 163.6237 23.73003 
-27.37949 164.8685 20.5432 
-27.65056 160.8766 20.00326 
-23.51646 160.0219 23.54305 
-3.273035 165.3358 31.01131 
-7.390656 167.6545 30.33961 
-6.588495 164.8352 30.16546 
-4.911434 169.9847 31.16105 
-21.50487 173.3438 24.46206 
-20.35347 169.6004 25.79793 
-3.087428 161.1834 31.17321 
-3.144163 162.7936 30.89514 
-7.681138 143.2492 0.891862 
-34.64902 151.1425 2.556982 
-34.27677 150.1944 1.665187 
-33.67735 150.1791 2.634775 
-35.55828 151.5404 0.491667 
-34.23686 154.0743 1.532149 
-35.73758 154.7076 0.596538 
-36.18093 153.9123 0.133405 
-34.91156 154.8603 1.006262 
-1E-06 145.6264 -9.426163 
-3.425195 145.4069 -8.346706 
-9.170303 197.0556 9.110718 
-17.01871 195.5243 4.899955 
-24.75476 191.8029 2.05848 
-31.5403 186.1301 -0.105617 
-7.96626 197.318 -5.366466 
-15.019 195.2658 -6.57697 
0 198.197 7.950251 
-2.7E-05 197.8246 -6.047426 
-7.703509 190.7122 -17.18348 
-15.14744 189.3913 -16.01356 
0.000287 190.6831 -18.37331 
-6.954838 180.3907 -23.77349 
-14.17594 180.0657 -21.81302 
0.00026 179.9384 -24.61013 
-6.267258 155.2858 -17.61484 
-1E-06 162.7443 -22.82456 
-1E-06 155.3923 -18.39553 
-7.008546 162.2946 -21.99461 
-17.99956 161.9137 -17.64428 
-16.15045 155.2686 -13.84015 
-21.56124 155.2223 -10.60543 
-23.22932 161.5109 -13.86285 
-19.54906 170.1153 -19.66254 
-26.51003 178.3918 -14.54135 
-20.43751 179.3478 -19.0422 
-25.37896 169.5954 -15.20534 
-8.588775 145.627 -4.831254 
-11.89717 154.1267 28.95868 
-5.076881 151.0322 31.26699 
-4.371163 149.5892 -12.58778 
-2E-06 149.5462 -13.22224 
-17.15657 150.798 26.00223 
-19.10154 147.1563 23.73577 
-34.93011 152.3112 1.516857 
-36.23372 152.6761 -0.07797 
-37.1707 157.2355 0.997484 
-32.81542 157.5831 1.466433 
-36.67414 157.5568 -0.095661 
-32.85611 157.0633 3.869291 
-38.7146 155.5271 -0.211328 
-37.56757 155.8337 -1.163774 
-37.94934 153.3751 -2.04938 
-39.33751 153.062 -0.863277 
-36.81721 150.4803 -1.414017 
-34.075 147.5024 2.372557 
-38.13927 150.1961 -0.213709 
-32.94268 147.8664 1.326095 
-29.27817 148.5648 6.116268 
-28.08554 148.3249 4.156658 
-31.25248 154.2291 -1.003226 
-37.56757 155.8337 -1.163774 
-31.87102 156.9589 -0.346425 
-37.94934 153.3751 -2.04938 
-36.67414 157.5568 -0.095661 
-32.81542 157.5831 1.466433 
-32.94268 147.8664 1.326095 
-36.81721 150.4803 -1.414017 
-30.17058 152.5423 -0.209687 
-29.20829 150.6249 1.054217 
-35.16897 176.8552 -2.093242 
-27.98474 159.5182 -8.010417 
-27.79633 154.5909 -5.098334 
-30.62364 169.2095 -8.710746 
-33.90854 167.4951 -2.02964 
-31.6535 177.8667 -8.682221 
-27.95096 186.1449 -8.140271 
-26.03352 183.7214 -12.91648 
-21.27415 186.9604 -14.92379 
-21.19559 192.3771 -7.17857 
-26.08355 146.201 12.20557 
-24.94369 146.813 17.75206 
-22.5547 149.0379 22.09691 
-20.79329 152.1034 24.32593 
-16.37971 154.8681 26.99173 
-3.447145 156.8194 35.0437 
-7.695974 155.4532 30.64292 
-5.331326 156.5001 31.74448 
-3.852128 157.7758 32.48151 
-4.059474 159.2393 31.60317 
-5.633597 160.0419 30.78332 
-5.962933 162.5076 30.32535 
-9.479261 159.0169 29.82795 
-9.974864 162.1 29.43466 
-13.36786 158.2552 28.58628 
-16.73701 158.7831 27.16958 
-10.28456 164.9931 29.34695 
-13.99608 165.4899 28.44095 
-17.07152 165.8707 27.33409 
-20.13963 166.2927 25.8456 
-13.98658 162.3004 28.38412 
-16.94377 162.4077 27.26096 
-20.0845 162.8943 25.74269 
-19.85272 159.3498 25.66087 
-20.08485 155.6295 25.21185 
-30.62804 161.2726 15.39611 
-30.86219 166.1771 16.28812 
-29.89696 156.0123 15.21974 
-27.82491 150.6924 16.48422 
-24.94369 146.813 17.75206 
-14.79172 142.9958 20.914 
-21.13745 144.3562 19.36993 
-7.520746 142.9107 22.70701 
-13.53384 178.052 27.17741 
-18.40109 178.9688 24.35966 
-13.02078 185.6228 23.59015 
-18.78089 185.3991 20.32264 
-30.17058 152.5423 -0.209687 
-24.49274 150.4401 -3.340566 
-29.20829 150.6249 1.054217 
-12.99161 149.9841 -9.569088 
-18.69824 150.3581 -7.161284 
-13.32152 143.8864 5.093073 
-13.67132 145.1777 0.760525 
-15.3059 147.1719 -3.553803 
-19.3964 145.3717 4.44091 
-28.08554 148.3249 4.156658 
-25.26305 146.0216 7.74051 
-29.27817 148.5648 6.116268 
-24.12578 146.9639 4.172889 
-28.2067 149.3818 2.442511 
-28.08554 148.3249 4.156658 
-19.31145 146.6876 0.752567 
-28.2067 149.3818 2.442511 
-23.97338 148.3304 0.624574 
-34.57576 149.4108 1.835276 
-36.60329 151.1288 0.533271 
-31.28651 150.7781 5.890532 
-34.48718 150.9611 3.721665 
-33.28251 149.7223 3.298128 
-36.71801 155.6176 1.24508 
-37.67774 154.0375 0.516647 
-34.8433 155.427 1.902273 
-34.27 154.5347 2.834171 
-32.61147 154.6797 4.596641 
-37.57955 152.5966 0.096771 
-32.26115 153.0297 5.149353 
-35.13278 152.222 3.025068 
-10.80543 155.299 -16.23236 
-12.565 162.1598 -20.3108 
-8.362372 149.8099 -11.38147 
-6.054264 145.4033 -6.571003 
-7.385935 171.0072 -24.44175 
-13.77991 170.7737 -22.53135 
4.4E-05 170.4267 -25.12809 
-4.310089 175.2482 30.71406 
-8.238033 176.0946 29.64327 
-6.008191 184.737 26.31902 
-19.89145 148.2745 -2.721047 
-32.90911 160.5584 0.674837 
-32.21427 159.1064 -0.769448 
-32.78014 159.1891 1.059075 
-32.10687 160.4005 -2.113189 
-34.64214 167.0522 3.910971 
-33.5061 166.9432 10.3877 
-33.42358 160.3949 4.036697 
-33.05946 158.7989 3.507491 
-31.87102 156.9589 -0.346425 
-31.25248 154.2291 -1.003226 
-31.28651 150.7781 5.890532 
-32.26115 153.0297 5.149353 
-34.30026 167.2542 -0.270798 
-32.81542 157.5831 1.466433 
Min X: -39.33751
Max X: 37.64674
Min Y: 136.8125
Max Y: 198.197
Min Z: -25.12809
Max Z: 36.64153
