0.599345 0.011516 
0.617593 0.016168 
0.593386 0.020776 
0.612744 0.027626 
0.506802 0.072479 
0.539299 0.050383 
0.548681 0.066528 
0.511622 0.05268 
0.581503 0.053665 
0.567332 0.041814 
0.585954 0.030953 
0.605092 0.041956 
0.87445 0.809769 
0.854101 0.73058 
0.942523 0.752336 
0.91 0.690909 
0.512692 0.234829 
0.611699 0.289519 
0.512692 0.286094 
0.620958 0.235217 
0.706115 0.313469 
0.728454 0.255097 
0.90858 0.204694 
0.943406 0.220402 
0.88903 0.226972 
0.906 0.251692 
0.537411 0.13489 
0.539636 0.11348 
0.574845 0.13547 
0.582069 0.117994 
0.498515 0.134931 
0.500176 0.113153 
0.838732 0.184032 
0.886045 0.189948 
0.864853 0.200725 
0.859113 0.173349 
0.604068 0.134899 
0.613861 0.121893 
0.54907 0.095091 
0.592179 0.104762 
0.54828 0.437253 
0.51263 0.45396 
0.512659 0.441168 
0.54505 0.447315 
0.502174 0.097513 
0.675884 0.129195 
0.701586 0.12371 
0.695803 0.133944 
0.687578 0.122314 
0.512712 0.354365 
0.559146 0.364597 
0.512707 0.379605 
0.567349 0.390303 
0.660511 0.139207 
0.639949 0.135011 
0.654103 0.125098 
0.677884 0.144884 
0.724128 0.139181 
0.686954 0.154884 
0.556831 0.078386 
0.504351 0.082911 
0.552836 0.458902 
0.512645 0.46447 
0.754308 0.146385 
0.801331 0.144397 
0.777882 0.157005 
0.772193 0.133057 
0.799263 0.172175 
0.827938 0.156917 
0.952386 0.631008 
0.985983 0.669963 
0.621017 0.111346 
0.655876 0.637602 
0.723353 0.596166 
0.72266 0.655416 
0.669199 0.586805 
0.862193 0.411621 
0.893208 0.349074 
0.922183 0.41997 
0.860234 0.370103 
0.770712 0.603769 
0.779379 0.66721 
0.850382 0.603506 
0.858643 0.566336 
0.906834 0.592175 
0.876891 0.638006 
0.86232 0.517077 
0.92451 0.476162 
0.920222 0.535626 
0.862931 0.463434 
0.561443 0.542573 
0.622761 0.577112 
0.585846 0.611813 
0.610805 0.535124 
0.512693 0.598178 
0.512691 0.543677 
0.832978 0.661844 
0.815828 0.60609 
0.512692 0.501744 
0.558674 0.480731 
0.559522 0.504713 
0.512674 0.478573 
0.591405 0.065039 
0.952396 0.923548 
0.962622 0.923893 
0.960779 0.938887 
0.959239 0.918193 
0.951572 0.951467 
0.941669 0.948149 
0.945422 0.941048 
0.945484 0.952268 
0.63478 0.017036 
0.632778 0.031165 
0.914073 0.175427 
0.87958 0.15686 
0.822432 0.132326 
0.852306 0.143398 
0.920997 0.139775 
0.888671 0.132404 
0.96545 0.182907 
0.960733 0.141971 
0.898397 0.102781 
0.870414 0.106537 
0.930786 0.095217 
0.857652 0.072022 
0.83808 0.083936 
0.879315 0.057329 
0.712409 0.038877 
0.709871 0.018199 
0.764744 0.024051 
0.759312 0.044792 
0.708802 0.069331 
0.74733 0.073944 
0.705304 0.084901 
0.739118 0.087442 
0.786088 0.081851 
0.811328 0.101351 
0.775181 0.093134 
0.823734 0.092731 
0.627466 0.055475 
0.689883 0.375633 
0.588304 0.329545 
0.512692 0.321463 
0.667938 0.03261 
0.664815 0.016178 
0.770916 0.333182 
0.802091 0.283295 
0.953281 0.93598 
0.957566 0.947444 
0.912031 0.970563 
0.934612 0.969834 
0.934435 0.982907 
0.906798 0.944589 
0.953654 0.986982 
0.952826 0.971763 
0.972894 0.973885 
0.966053 0.96567 
0.986257 0.950885 
0.978039 0.918959 
0.993876 0.91379 
0.975297 0.947677 
0.986018 0.883583 
0.962497 0.882753 
0.152303 0.950468 
0.163477 0.990027 
0.142978 0.993222 
0.170703 0.957805 
0.175099 0.982675 
0.186378 0.964288 
0.136653 0.941685 
0.104536 0.949981 
0.117415 0.931948 
0.123853 0.977993 
0.784201 0.122882 
0.700197 0.101602 
0.726851 0.101587 
0.763175 0.106272 
0.79856 0.111891 
0.748831 0.118488 
0.833216 0.118625 
0.830918 0.108379 
0.84876 0.107649 
0.864594 0.12678 
0.6342 0.124576 
0.622458 0.133636 
0.85329 0.311522 
0.825229 0.353306 
0.757275 0.388505 
0.512692 0.410256 
0.564116 0.415728 
0.62731 0.395389 
0.59209 0.41098 
0.570079 0.429993 
0.573149 0.451775 
0.601501 0.500453 
0.596595 0.463729 
0.661254 0.494384 
0.653872 0.448465 
0.711787 0.43712 
0.761966 0.444983 
0.665867 0.537473 
0.721144 0.544871 
0.766948 0.550543 
0.812643 0.556828 
0.721002 0.497368 
0.765045 0.498966 
0.811822 0.506213 
0.808369 0.453423 
0.81291 0.401326 
0.967026 0.484461 
0.965415 0.555742 
0.958227 0.410282 
0.929822 0.33275 
0.889449 0.278631 
0.737713 0.216075 
0.833831 0.242191 
0.625164 0.208707 
0.512692 0.202814 
0.714257 0.731964 
0.78675 0.74562 
0.706617 0.844722 
0.792411 0.841395 
0.67435 0.097931 
0.687814 0.112008 
0.67214 0.112925 
0.673881 0.081605 
0.67068 0.063664 
0.60224 0.091047 
0.62011 0.082028 
0.64484 0.078099 
0.629514 0.101684 
0.662611 0.117299 
0.639658 0.115587 
0.663108 0.113563 
0.646509 0.10815 
0.106875 0.924275 
0.098185 0.923322 
0.641955 0.094968 
0.657484 0.103161 
0.664363 0.113558 
0.966037 0.924637 
0.965598 0.942568 
0.958731 0.909211 
0.946639 0.895351 
0.948597 0.916332 
0.95467 0.96008 
0.941944 0.959894 
0.934103 0.947612 
0.934694 0.936851 
0.923594 0.920081 
0.962919 0.954794 
0.931318 0.91026 
0.943282 0.928387 
0.711645 0.053129 
0.754107 0.059846 
0.669444 0.047398 
0.628924 0.043541 
0.809609 0.055508 
0.797805 0.069985 
0.81986 0.034274 
0.512692 0.683688 
0.576887 0.69021 
0.635387 0.702814 
0.512692 0.825538 
0.602174 0.831525 
0.657164 0.090463 
0.720614 0.121547 
0.717534 0.116366 
0.725294 0.11591 
0.715061 0.120859 
0.737943 0.128693 
0.991361 0.569758 
0.714282 0.126104 
0.708748 0.124562 
0.709424 0.116218 
0.700232 0.112598 
0.671513 0.120592 
0.68122 0.121987 
0.746143 0.121438 
0.709355 0.119989 
0.411452 0.016225 
0.43062 0.010956 
0.434832 0.019558 
0.412964 0.027078 
0.4849 0.046878 
0.46931 0.06549 
0.437012 0.051358 
0.455991 0.038494 
0.440551 0.029093 
0.416518 0.040622 
0.170873 0.730817 
0.059098 0.751104 
0.110357 0.691952 
0.138374 0.807112 
0.413687 0.289521 
0.404426 0.235215 
0.320301 0.310827 
0.300747 0.248664 
0.076418 0.230357 
0.09467 0.263704 
0.037664 0.252088 
0.07355 0.288554 
0.457801 0.129501 
0.417758 0.125696 
0.459904 0.110211 
0.415078 0.111792 
0.14646 0.201863 
0.101499 0.209696 
0.130624 0.186939 
0.120881 0.2291 
0.385902 0.125186 
0.379981 0.115093 
0.455719 0.092523 
0.409344 0.100092 
0.477221 0.437098 
0.480516 0.447094 
0.312216 0.123053 
0.294306 0.119716 
0.303646 0.118015 
0.294592 0.130193 
0.458041 0.390306 
0.466204 0.364564 
0.334302 0.118762 
0.322657 0.134788 
0.34582 0.130114 
0.304143 0.141838 
0.262927 0.137442 
0.295316 0.15241 
0.453695 0.076102 
0.472573 0.458866 
0.234066 0.14462 
0.195661 0.144884 
0.222752 0.132858 
0.211201 0.156006 
0.169026 0.161072 
0.189449 0.178455 
0.008923 0.67115 
0.062921 0.63206 
0.37674 0.105857 
0.369525 0.637598 
0.302034 0.596166 
0.356199 0.586813 
0.302729 0.655414 
0.103398 0.419081 
0.134861 0.341086 
0.16437 0.407453 
0.167592 0.362244 
0.254673 0.603769 
0.246006 0.66721 
0.175002 0.603506 
0.117788 0.59223 
0.166742 0.566336 
0.148243 0.638072 
0.163064 0.517077 
0.104914 0.535616 
0.100877 0.476162 
0.162448 0.463433 
0.463945 0.542575 
0.402619 0.57711 
0.414566 0.535121 
0.439543 0.611815 
0.192408 0.661844 
0.209556 0.606091 
0.466709 0.480732 
0.465864 0.504713 
0.422509 0.06281 
0.046195 0.932235 
0.037203 0.931361 
0.040903 0.925054 
0.038722 0.945221 
0.056801 0.949802 
0.05186 0.959127 
0.046203 0.957837 
0.056439 0.956239 
0.393263 0.01761 
0.391477 0.031337 
0.077512 0.190554 
0.116112 0.16597 
0.149836 0.146636 
0.181005 0.133432 
0.082816 0.143079 
0.115452 0.134784 
0.022792 0.201074 
0.044759 0.14401 
0.116031 0.095972 
0.141 0.103896 
0.086823 0.078724 
0.168011 0.068509 
0.180283 0.081695 
0.155696 0.051598 
0.313535 0.044071 
0.273993 0.038029 
0.321648 0.026338 
0.269912 0.051892 
0.268815 0.07577 
0.306108 0.070806 
0.302983 0.084692 
0.270745 0.087716 
0.229569 0.082093 
0.199288 0.102049 
0.189903 0.091415 
0.234461 0.093857 
0.389069 0.054446 
0.335501 0.375632 
0.437079 0.329545 
0.356495 0.03489 
0.363126 0.018976 
0.25717 0.326057 
0.228202 0.271819 
0.047487 0.94262 
0.040785 0.953252 
0.058589 0.979001 
0.093433 0.975376 
0.060514 0.990674 
0.091773 0.953999 
0.04133 0.977479 
0.039075 0.989903 
0.018479 0.978482 
0.028825 0.969136 
0.007924 0.954135 
0.024089 0.919068 
0.021305 0.952899 
0.014006 0.913399 
0.049921 0.88251 
0.033969 0.874179 
0.858912 0.959442 
0.84951 0.996081 
0.842573 0.96278 
0.864612 0.998659 
0.837418 0.991728 
0.831483 0.96832 
0.899145 0.965276 
0.881461 0.991256 
0.869104 0.952196 
0.881534 0.944841 
0.215518 0.123842 
0.280367 0.099724 
0.302531 0.101004 
0.239764 0.107038 
0.249034 0.117198 
0.206647 0.113376 
0.173595 0.119266 
0.17881 0.108385 
0.161179 0.106461 
0.140934 0.127832 
0.356651 0.118364 
0.365427 0.126423 
0.176772 0.299843 
0.203006 0.345499 
0.26874 0.386674 
0.461352 0.415736 
0.398072 0.395388 
0.43329 0.41098 
0.45532 0.429982 
0.452232 0.451777 
0.428788 0.46373 
0.423883 0.500453 
0.371512 0.448465 
0.364131 0.494384 
0.313597 0.43712 
0.263418 0.444983 
0.359518 0.537473 
0.304241 0.544872 
0.258436 0.550543 
0.212741 0.556828 
0.304382 0.497368 
0.260339 0.498967 
0.213562 0.506213 
0.217014 0.453423 
0.213557 0.398015 
0.056531 0.482061 
0.053044 0.555106 
0.06742 0.403716 
0.09828 0.324484 
0.141192 0.266705 
0.292391 0.209854 
0.19788 0.230115 
0.400682 0.208586 
0.311125 0.731966 
0.238634 0.74562 
0.318766 0.844723 
0.232978 0.841391 
0.312262 0.110023 
0.326483 0.096167 
0.323603 0.109984 
0.343964 0.063979 
0.333643 0.08054 
0.404106 0.087251 
0.388255 0.079036 
0.363713 0.076159 
0.371956 0.097114 
0.332716 0.109905 
0.353234 0.110753 
0.329949 0.113084 
0.350025 0.104299 
0.890281 0.936233 
0.901417 0.932637 
0.361376 0.091226 
0.332326 0.110191 
0.341626 0.0998 
0.032071 0.929123 
0.032399 0.948036 
0.0609 0.901267 
0.0502 0.926219 
0.041134 0.918444 
0.054205 0.968248 
0.04177 0.96558 
0.063865 0.957396 
0.065814 0.94595 
0.081607 0.932813 
0.035003 0.95905 
0.073672 0.919061 
0.053706 0.935219 
0.309518 0.056512 
0.268434 0.063746 
0.350768 0.048843 
0.391616 0.04311 
0.22085 0.059989 
0.224055 0.071457 
0.224784 0.046881 
0.4485 0.690206 
0.389998 0.702813 
0.423209 0.831529 
0.347038 0.087765 
0.279396 0.118002 
0.284279 0.114493 
0.285011 0.117887 
0.278309 0.112955 
0.256023 0.126982 
0.013667 0.566516 
0.283424 0.123275 
0.288591 0.121195 
0.293176 0.114449 
0.303262 0.111148 
0.318946 0.115411 
0.310012 0.116912 
0.252843 0.121067 
0.29122 0.117516 
