Input:
X: [[0.85794562 0.84725174]
 [0.6235637  0.38438171]
 [0.29753461 0.05671298]
 [0.27265629 0.47766512]
 [0.81216873 0.47997717]
 [0.3927848  0.83607876]
 [0.33739616 0.64817187]
 [0.36824154 0.95715516]
 [0.14035078 0.87008726]
 [0.47360805 0.80091075]
 [0.52047748 0.67887953]
 [0.72063265 0.58201979]
 [0.53737323 0.75861562]
 [0.10590761 0.47360042]
 [0.18633234 0.73691818]]
K: 6
Mu: [[0.6235637  0.38438171]
 [0.3927848  0.83607876]
 [0.81216873 0.47997717]
 [0.14035078 0.87008726]
 [0.36824154 0.95715516]
 [0.10590761 0.47360042]]
Var: [0.10038354 0.07227467 0.13240693 0.12411825 0.10497521 0.12220856]
P: [0.1680912  0.15835331 0.21384187 0.14223565 0.14295074 0.17452722]
Output:
post:[[0.17354324 0.19408461 0.38136556 0.0569083  0.16250611 0.03159219]
 [0.39379907 0.08689908 0.32081103 0.04067548 0.04920547 0.10860986]
 [0.35788286 0.01907566 0.18709725 0.04472511 0.01732312 0.37389601]
 [0.19268431 0.18091751 0.11938917 0.12743323 0.09677628 0.28279951]
 [0.36304946 0.07311615 0.43750366 0.02729566 0.04877955 0.05025552]
 [0.07858663 0.37039817 0.08705556 0.14917384 0.21407078 0.10071502]
 [0.13662023 0.29150288 0.10750309 0.13944117 0.14926196 0.17567066]
 [0.04532867 0.37841271 0.06233585 0.17307275 0.2613835  0.07946652]
 [0.03479877 0.30116079 0.03560306 0.24675099 0.22083886 0.16084754]
 [0.1084787  0.35703165 0.12209296 0.12356811 0.19771701 0.09111156]
 [0.18151437 0.29042408 0.1775779  0.09728296 0.14845737 0.10474333]
 [0.30076285 0.15240546 0.34401968 0.04831719 0.08817504 0.06631978]
 [0.14424702 0.32662602 0.16265301 0.10373169 0.17686354 0.08587872]
 [0.12020157 0.14175102 0.06966009 0.17178204 0.09140514 0.40520014]
 [0.06707408 0.29382796 0.05528713 0.20393925 0.17797873 0.20189285]]
LL:-5.592899
