-2.870890086376859163e+00 9.207453804024400001e-03
7.903901681928087619e+00 -1.910323865124464282e+00
5.839539944880914213e+00 3.601081460244906385e+00
1.071895412788142377e+00 3.933568321526670797e+00
-3.344102724612961985e+00 -6.715274030401209515e+00
6.575993057027518240e+00 2.526219562779993821e-01
-6.986405322145053387e-02 1.212738558661388355e+00
4.770775952205096537e+00 1.222798459631219581e+00
4.919316274241666065e+00 -1.989898014537746507e+00
-2.143718305892340581e+00 1.835625076686304258e+00
9.850115742784000261e+00 1.998113523347917031e+00
1.829099654153458765e+00 -1.306465035849394107e+00
