Bitstream Charter
C059
Courier 10 Pitch
D050000L
DejaVu Sans
DejaVu Sans Mono
DejaVu Serif
Droid Sans Fallback
Liberation Mono
Liberation Sans
Liberation Sans Narrow
Liberation Serif
MathJax_AMS
MathJax_Caligraphic
MathJax_Fraktur
MathJax_Main
MathJax_Math
MathJax_SansSerif
MathJax_Script
MathJax_Size1
MathJax_Size2
MathJax_Size3
MathJax_Size4
MathJax_Typewriter
MathJax_Vector
MathJax_Vector-Bold
MathJax_WinChrome
MathJax_WinIE6
Nimbus Mono PS
Nimbus Roman
Nimbus Sans
Nimbus Sans Narrow
Noto Mono
P052
Quicksand
Quicksand Light
Quicksand Medium
Standard Symbols PS
URW Bookman
URW Gothic
Ubuntu
Ubuntu Condensed
Ubuntu Mono
Z003
0.015625 0.015625 0.5 0.5
0.015625 0.046875 0.5 1.5
0.015625 0.078125 0.5 2.5
0.015625 0.109375 0.5 3.5
0.015625 0.140625 0.5 4.5
0.015625 0.171875 0.5 5.5
0.015625 0.203125 0.5 6.5
0.015625 0.234375 0.5 7.5
0.015625 0.265625 0.5 8.5
0.015625 0.296875 0.5 9.5
0.015625 0.328125 0.5 10.5
0.015625 0.359375 0.5 11.5
0.015625 0.390625 0.5 12.5
0.015625 0.421875 0.5 13.5
0.015625 0.453125 0.5 14.5
0.015625 0.484375 0.5 15.5
0.015625 0.515625 0.5 16.5
0.015625 0.546875 0.5 17.5
0.015625 0.578125 0.5 18.5
0.015625 0.609375 0.5 19.5
0.015625 0.640625 0.5 20.5
0.015625 0.671875 0.5 21.5
0.015625 0.703125 0.5 22.5
0.015625 0.734375 0.5 23.5
0.015625 0.765625 0.5 24.5
0.015625 0.796875 0.5 25.5
0.015625 0.828125 0.5 26.5
0.015625 0.859375 0.5 27.5
0.015625 0.890625 0.5 28.5
0.015625 0.921875 0.5 29.5
0.015625 0.953125 0.5 30.5
0.015625 0.984375 0.5 31.5
0.046875 0.015625 1.5 0.5
0.046875 0.046875 1.5 1.5
0.046875 0.078125 1.5 2.5
0.046875 0.109375 1.5 3.5
0.046875 0.140625 1.5 4.5
0.046875 0.171875 1.5 5.5
0.046875 0.203125 1.5 6.5
0.046875 0.234375 1.5 7.5
0.046875 0.265625 1.5 8.5
0.046875 0.296875 1.5 9.5
0.046875 0.328125 1.5 10.5
0.046875 0.359375 1.5 11.5
0.046875 0.390625 1.5 12.5
0.046875 0.421875 1.5 13.5
0.046875 0.453125 1.5 14.5
0.046875 0.484375 1.5 15.5
0.046875 0.515625 1.5 16.5
0.046875 0.546875 1.5 17.5
0.046875 0.578125 1.5 18.5
0.046875 0.609375 1.5 19.5
0.046875 0.640625 1.5 20.5
0.046875 0.671875 1.5 21.5
0.046875 0.703125 1.5 22.5
0.046875 0.734375 1.5 23.5
0.046875 0.765625 1.5 24.5
0.046875 0.796875 1.5 25.5
0.046875 0.828125 1.5 26.5
0.046875 0.859375 1.5 27.5
0.046875 0.890625 1.5 28.5
0.046875 0.921875 1.5 29.5
0.046875 0.953125 1.5 30.5
0.046875 0.984375 1.5 31.5
0.078125 0.015625 2.5 0.5
0.078125 0.046875 2.5 1.5
0.078125 0.078125 2.5 2.5
0.078125 0.109375 2.5 3.5
0.078125 0.140625 2.5 4.5
0.078125 0.171875 2.5 5.5
0.078125 0.203125 2.5 6.5
0.078125 0.234375 2.5 7.5
0.078125 0.265625 2.5 8.5
0.078125 0.296875 2.5 9.5
0.078125 0.328125 2.5 10.5
0.078125 0.359375 2.5 11.5
0.078125 0.390625 2.5 12.5
0.078125 0.421875 2.5 13.5
0.078125 0.453125 2.5 14.5
0.078125 0.484375 2.5 15.5
0.078125 0.515625 2.5 16.5
0.078125 0.546875 2.5 17.5
0.078125 0.578125 2.5 18.5
0.078125 0.609375 2.5 19.5
0.078125 0.640625 2.5 20.5
0.078125 0.671875 2.5 21.5
0.078125 0.703125 2.5 22.5
0.078125 0.734375 2.5 23.5
0.078125 0.765625 2.5 24.5
0.078125 0.796875 2.5 25.5
0.078125 0.828125 2.5 26.5
0.078125 0.859375 2.5 27.5
0.078125 0.890625 2.5 28.5
0.078125 0.921875 2.5 29.5
0.078125 0.953125 2.5 30.5
0.078125 0.984375 2.5 31.5
0.109375 0.015625 3.5 0.5
0.109375 0.046875 3.5 1.5
0.109375 0.078125 3.5 2.5
0.109375 0.109375 3.5 3.5
0.109375 0.140625 3.5 4.5
0.109375 0.171875 3.5 5.5
0.109375 0.203125 3.5 6.5
0.109375 0.234375 3.5 7.5
0.109375 0.265625 3.5 8.5
0.109375 0.296875 3.5 9.5
0.109375 0.328125 3.5 10.5
0.109375 0.359375 3.5 11.5
0.109375 0.390625 3.5 12.5
0.109375 0.421875 3.5 13.5
0.109375 0.453125 3.5 14.5
0.109375 0.484375 3.5 15.5
0.109375 0.515625 3.5 16.5
0.109375 0.546875 3.5 17.5
0.109375 0.578125 3.5 18.5
0.109375 0.609375 3.5 19.5
0.109375 0.640625 3.5 20.5
0.109375 0.671875 3.5 21.5
0.109375 0.703125 3.5 22.5
0.109375 0.734375 3.5 23.5
0.109375 0.765625 3.5 24.5
0.109375 0.796875 3.5 25.5
0.109375 0.828125 3.5 26.5
0.109375 0.859375 3.5 27.5
0.109375 0.890625 3.5 28.5
0.109375 0.921875 3.5 29.5
0.109375 0.953125 3.5 30.5
0.109375 0.984375 3.5 31.5
0.140625 0.015625 4.5 0.5
0.140625 0.046875 4.5 1.5
0.140625 0.078125 4.5 2.5
0.140625 0.109375 4.5 3.5
0.140625 0.140625 4.5 4.5
0.140625 0.171875 4.5 5.5
0.140625 0.203125 4.5 6.5
0.140625 0.234375 4.5 7.5
0.140625 0.265625 4.5 8.5
0.140625 0.296875 4.5 9.5
0.140625 0.328125 4.5 10.5
0.140625 0.359375 4.5 11.5
0.140625 0.390625 4.5 12.5
0.140625 0.421875 4.5 13.5
0.140625 0.453125 4.5 14.5
0.140625 0.484375 4.5 15.5
0.140625 0.515625 4.5 16.5
0.140625 0.546875 4.5 17.5
0.140625 0.578125 4.5 18.5
0.140625 0.609375 4.5 19.5
0.140625 0.640625 4.5 20.5
0.140625 0.671875 4.5 21.5
0.140625 0.703125 4.5 22.5
0.140625 0.734375 4.5 23.5
0.140625 0.765625 4.5 24.5
0.140625 0.796875 4.5 25.5
0.140625 0.828125 4.5 26.5
0.140625 0.859375 4.5 27.5
0.140625 0.890625 4.5 28.5
0.140625 0.921875 4.5 29.5
0.140625 0.953125 4.5 30.5
0.140625 0.984375 4.5 31.5
0.171875 0.015625 5.5 0.5
0.171875 0.046875 5.5 1.5
0.171875 0.078125 5.5 2.5
0.171875 0.109375 5.5 3.5
0.171875 0.140625 5.5 4.5
0.171875 0.171875 5.5 5.5
0.171875 0.203125 5.5 6.5
0.171875 0.234375 5.5 7.5
0.171875 0.265625 5.5 8.5
0.171875 0.296875 5.5 9.5
0.171875 0.328125 5.5 10.5
0.171875 0.359375 5.5 11.5
0.171875 0.390625 5.5 12.5
0.171875 0.421875 5.5 13.5
0.171875 0.453125 5.5 14.5
0.171875 0.484375 5.5 15.5
0.171875 0.515625 5.5 16.5
0.171875 0.546875 5.5 17.5
0.171875 0.578125 5.5 18.5
0.171875 0.609375 5.5 19.5
0.171875 0.640625 5.5 20.5
0.171875 0.671875 5.5 21.5
0.171875 0.703125 5.5 22.5
0.171875 0.734375 5.5 23.5
0.171875 0.765625 5.5 24.5
0.171875 0.796875 5.5 25.5
0.171875 0.828125 5.5 26.5
0.171875 0.859375 5.5 27.5
0.171875 0.890625 5.5 28.5
0.171875 0.921875 5.5 29.5
0.171875 0.953125 5.5 30.5
0.171875 0.984375 5.5 31.5
0.203125 0.015625 6.5 0.5
0.203125 0.046875 6.5 1.5
0.203125 0.078125 6.5 2.5
0.203125 0.109375 6.5 3.5
0.203125 0.140625 6.5 4.5
0.203125 0.171875 6.5 5.5
0.203125 0.203125 6.5 6.5
0.203125 0.234375 6.5 7.5
0.203125 0.265625 6.5 8.5
0.203125 0.296875 6.5 9.5
0.203125 0.328125 6.5 10.5
0.203125 0.359375 6.5 11.5
0.203125 0.390625 6.5 12.5
0.203125 0.421875 6.5 13.5
0.203125 0.453125 6.5 14.5
0.203125 0.484375 6.5 15.5
0.203125 0.515625 6.5 16.5
0.203125 0.546875 6.5 17.5
0.203125 0.578125 6.5 18.5
0.203125 0.609375 6.5 19.5
0.203125 0.640625 6.5 20.5
0.203125 0.671875 6.5 21.5
0.203125 0.703125 6.5 22.5
0.203125 0.734375 6.5 23.5
0.203125 0.765625 6.5 24.5
0.203125 0.796875 6.5 25.5
0.203125 0.828125 6.5 26.5
0.203125 0.859375 6.5 27.5
0.203125 0.890625 6.5 28.5
0.203125 0.921875 6.5 29.5
0.203125 0.953125 6.5 30.5
0.203125 0.984375 6.5 31.5
0.234375 0.015625 7.5 0.5
0.234375 0.046875 7.5 1.5
0.234375 0.078125 7.5 2.5
0.234375 0.109375 7.5 3.5
0.234375 0.140625 7.5 4.5
0.234375 0.171875 7.5 5.5
0.234375 0.203125 7.5 6.5
0.234375 0.234375 7.5 7.5
0.234375 0.265625 7.5 8.5
0.234375 0.296875 7.5 9.5
0.234375 0.328125 7.5 10.5
0.234375 0.359375 7.5 11.5
0.234375 0.390625 7.5 12.5
0.234375 0.421875 7.5 13.5
0.234375 0.453125 7.5 14.5
0.234375 0.484375 7.5 15.5
0.234375 0.515625 7.5 16.5
0.234375 0.546875 7.5 17.5
0.234375 0.578125 7.5 18.5
0.234375 0.609375 7.5 19.5
0.234375 0.640625 7.5 20.5
0.234375 0.671875 7.5 21.5
0.234375 0.703125 7.5 22.5
0.234375 0.734375 7.5 23.5
0.234375 0.765625 7.5 24.5
0.234375 0.796875 7.5 25.5
0.234375 0.828125 7.5 26.5
0.234375 0.859375 7.5 27.5
0.234375 0.890625 7.5 28.5
0.234375 0.921875 7.5 29.5
0.234375 0.953125 7.5 30.5
0.234375 0.984375 7.5 31.5
0.265625 0.015625 8.5 0.5
0.265625 0.046875 8.5 1.5
0.265625 0.078125 8.5 2.5
0.265625 0.109375 8.5 3.5
0.265625 0.140625 8.5 4.5
0.265625 0.171875 8.5 5.5
0.265625 0.203125 8.5 6.5
0.265625 0.234375 8.5 7.5
0.265625 0.265625 8.5 8.5
0.265625 0.296875 8.5 9.5
0.265625 0.328125 8.5 10.5
0.265625 0.359375 8.5 11.5
0.265625 0.390625 8.5 12.5
0.265625 0.421875 8.5 13.5
0.265625 0.453125 8.5 14.5
0.265625 0.484375 8.5 15.5
0.265625 0.515625 8.5 16.5
0.265625 0.546875 8.5 17.5
0.265625 0.578125 8.5 18.5
0.265625 0.609375 8.5 19.5
0.265625 0.640625 8.5 20.5
0.265625 0.671875 8.5 21.5
0.265625 0.703125 8.5 22.5
0.265625 0.734375 8.5 23.5
0.265625 0.765625 8.5 24.5
0.265625 0.796875 8.5 25.5
0.265625 0.828125 8.5 26.5
0.265625 0.859375 8.5 27.5
0.265625 0.890625 8.5 28.5
0.265625 0.921875 8.5 29.5
0.265625 0.953125 8.5 30.5
0.265625 0.984375 8.5 31.5
0.296875 0.015625 9.5 0.5
0.296875 0.046875 9.5 1.5
0.296875 0.078125 9.5 2.5
0.296875 0.109375 9.5 3.5
0.296875 0.140625 9.5 4.5
0.296875 0.171875 9.5 5.5
0.296875 0.203125 9.5 6.5
0.296875 0.234375 9.5 7.5
0.296875 0.265625 9.5 8.5
0.296875 0.296875 9.5 9.5
0.296875 0.328125 9.5 10.5
0.296875 0.359375 9.5 11.5
0.296875 0.390625 9.5 12.5
0.296875 0.421875 9.5 13.5
0.296875 0.453125 9.5 14.5
0.296875 0.484375 9.5 15.5
0.296875 0.515625 9.5 16.5
0.296875 0.546875 9.5 17.5
0.296875 0.578125 9.5 18.5
0.296875 0.609375 9.5 19.5
0.296875 0.640625 9.5 20.5
0.296875 0.671875 9.5 21.5
0.296875 0.703125 9.5 22.5
0.296875 0.734375 9.5 23.5
0.296875 0.765625 9.5 24.5
0.296875 0.796875 9.5 25.5
0.296875 0.828125 9.5 26.5
0.296875 0.859375 9.5 27.5
0.296875 0.890625 9.5 28.5
0.296875 0.921875 9.5 29.5
0.296875 0.953125 9.5 30.5
0.296875 0.984375 9.5 31.5
0.328125 0.015625 10.5 0.5
0.328125 0.046875 10.5 1.5
0.328125 0.078125 10.5 2.5
0.328125 0.109375 10.5 3.5
0.328125 0.140625 10.5 4.5
0.328125 0.171875 10.5 5.5
0.328125 0.203125 10.5 6.5
0.328125 0.234375 10.5 7.5
0.328125 0.265625 10.5 8.5
0.328125 0.296875 10.5 9.5
0.328125 0.328125 10.5 10.5
0.328125 0.359375 10.5 11.5
0.328125 0.390625 10.5 12.5
0.328125 0.421875 10.5 13.5
0.328125 0.453125 10.5 14.5
0.328125 0.484375 10.5 15.5
0.328125 0.515625 10.5 16.5
0.328125 0.546875 10.5 17.5
0.328125 0.578125 10.5 18.5
0.328125 0.609375 10.5 19.5
0.328125 0.640625 10.5 20.5
0.328125 0.671875 10.5 21.5
0.328125 0.703125 10.5 22.5
0.328125 0.734375 10.5 23.5
0.328125 0.765625 10.5 24.5
0.328125 0.796875 10.5 25.5
0.328125 0.828125 10.5 26.5
0.328125 0.859375 10.5 27.5
0.328125 0.890625 10.5 28.5
0.328125 0.921875 10.5 29.5
0.328125 0.953125 10.5 30.5
0.328125 0.984375 10.5 31.5
0.359375 0.015625 11.5 0.5
0.359375 0.046875 11.5 1.5
0.359375 0.078125 11.5 2.5
0.359375 0.109375 11.5 3.5
0.359375 0.140625 11.5 4.5
0.359375 0.171875 11.5 5.5
0.359375 0.203125 11.5 6.5
0.359375 0.234375 11.5 7.5
0.359375 0.265625 11.5 8.5
0.359375 0.296875 11.5 9.5
0.359375 0.328125 11.5 10.5
0.359375 0.359375 11.5 11.5
0.359375 0.390625 11.5 12.5
0.359375 0.421875 11.5 13.5
0.359375 0.453125 11.5 14.5
0.359375 0.484375 11.5 15.5
0.359375 0.515625 11.5 16.5
0.359375 0.546875 11.5 17.5
0.359375 0.578125 11.5 18.5
0.359375 0.609375 11.5 19.5
0.359375 0.640625 11.5 20.5
0.359375 0.671875 11.5 21.5
0.359375 0.703125 11.5 22.5
0.359375 0.734375 11.5 23.5
0.359375 0.765625 11.5 24.5
0.359375 0.796875 11.5 25.5
0.359375 0.828125 11.5 26.5
0.359375 0.859375 11.5 27.5
0.359375 0.890625 11.5 28.5
0.359375 0.921875 11.5 29.5
0.359375 0.953125 11.5 30.5
0.359375 0.984375 11.5 31.5
0.390625 0.015625 12.5 0.5
0.390625 0.046875 12.5 1.5
0.390625 0.078125 12.5 2.5
0.390625 0.109375 12.5 3.5
0.390625 0.140625 12.5 4.5
0.390625 0.171875 12.5 5.5
0.390625 0.203125 12.5 6.5
0.390625 0.234375 12.5 7.5
0.390625 0.265625 12.5 8.5
0.390625 0.296875 12.5 9.5
0.390625 0.328125 12.5 10.5
0.390625 0.359375 12.5 11.5
0.390625 0.390625 12.5 12.5
0.390625 0.421875 12.5 13.5
0.390625 0.453125 12.5 14.5
0.390625 0.484375 12.5 15.5
0.390625 0.515625 12.5 16.5
0.390625 0.546875 12.5 17.5
0.390625 0.578125 12.5 18.5
0.390625 0.609375 12.5 19.5
0.390625 0.640625 12.5 20.5
0.390625 0.671875 12.5 21.5
0.390625 0.703125 12.5 22.5
0.390625 0.734375 12.5 23.5
0.390625 0.765625 12.5 24.5
0.390625 0.796875 12.5 25.5
0.390625 0.828125 12.5 26.5
0.390625 0.859375 12.5 27.5
0.390625 0.890625 12.5 28.5
0.390625 0.921875 12.5 29.5
0.390625 0.953125 12.5 30.5
0.390625 0.984375 12.5 31.5
0.421875 0.015625 13.5 0.5
0.421875 0.046875 13.5 1.5
0.421875 0.078125 13.5 2.5
0.421875 0.109375 13.5 3.5
0.421875 0.140625 13.5 4.5
0.421875 0.171875 13.5 5.5
0.421875 0.203125 13.5 6.5
0.421875 0.234375 13.5 7.5
0.421875 0.265625 13.5 8.5
0.421875 0.296875 13.5 9.5
0.421875 0.328125 13.5 10.5
0.421875 0.359375 13.5 11.5
0.421875 0.390625 13.5 12.5
0.421875 0.421875 13.5 13.5
0.421875 0.453125 13.5 14.5
0.421875 0.484375 13.5 15.5
0.421875 0.515625 13.5 16.5
0.421875 0.546875 13.5 17.5
0.421875 0.578125 13.5 18.5
0.421875 0.609375 13.5 19.5
0.421875 0.640625 13.5 20.5
0.421875 0.671875 13.5 21.5
0.421875 0.703125 13.5 22.5
0.421875 0.734375 13.5 23.5
0.421875 0.765625 13.5 24.5
0.421875 0.796875 13.5 25.5
0.421875 0.828125 13.5 26.5
0.421875 0.859375 13.5 27.5
0.421875 0.890625 13.5 28.5
0.421875 0.921875 13.5 29.5
0.421875 0.953125 13.5 30.5
0.421875 0.984375 13.5 31.5
0.453125 0.015625 14.5 0.5
0.453125 0.046875 14.5 1.5
0.453125 0.078125 14.5 2.5
0.453125 0.109375 14.5 3.5
0.453125 0.140625 14.5 4.5
0.453125 0.171875 14.5 5.5
0.453125 0.203125 14.5 6.5
0.453125 0.234375 14.5 7.5
0.453125 0.265625 14.5 8.5
0.453125 0.296875 14.5 9.5
0.453125 0.328125 14.5 10.5
0.453125 0.359375 14.5 11.5
0.453125 0.390625 14.5 12.5
0.453125 0.421875 14.5 13.5
0.453125 0.453125 14.5 14.5
0.453125 0.484375 14.5 15.5
0.453125 0.515625 14.5 16.5
0.453125 0.546875 14.5 17.5
0.453125 0.578125 14.5 18.5
0.453125 0.609375 14.5 19.5
0.453125 0.640625 14.5 20.5
0.453125 0.671875 14.5 21.5
0.453125 0.703125 14.5 22.5
0.453125 0.734375 14.5 23.5
0.453125 0.765625 14.5 24.5
0.453125 0.796875 14.5 25.5
0.453125 0.828125 14.5 26.5
0.453125 0.859375 14.5 27.5
0.453125 0.890625 14.5 28.5
0.453125 0.921875 14.5 29.5
0.453125 0.953125 14.5 30.5
0.453125 0.984375 14.5 31.5
0.484375 0.015625 15.5 0.5
0.484375 0.046875 15.5 1.5
0.484375 0.078125 15.5 2.5
0.484375 0.109375 15.5 3.5
0.484375 0.140625 15.5 4.5
0.484375 0.171875 15.5 5.5
0.484375 0.203125 15.5 6.5
0.484375 0.234375 15.5 7.5
0.484375 0.265625 15.5 8.5
0.484375 0.296875 15.5 9.5
0.484375 0.328125 15.5 10.5
0.484375 0.359375 15.5 11.5
0.484375 0.390625 15.5 12.5
0.484375 0.421875 15.5 13.5
0.484375 0.453125 15.5 14.5
0.484375 0.484375 15.5 15.5
0.484375 0.515625 15.5 16.5
0.484375 0.546875 15.5 17.5
0.484375 0.578125 15.5 18.5
0.484375 0.609375 15.5 19.5
0.484375 0.640625 15.5 20.5
0.484375 0.671875 15.5 21.5
0.484375 0.703125 15.5 22.5
0.484375 0.734375 15.5 23.5
0.484375 0.765625 15.5 24.5
0.484375 0.796875 15.5 25.5
0.484375 0.828125 15.5 26.5
0.484375 0.859375 15.5 27.5
0.484375 0.890625 15.5 28.5
0.484375 0.921875 15.5 29.5
0.484375 0.953125 15.5 30.5
0.484375 0.984375 15.5 31.5
0.515625 0.015625 16.5 0.5
0.515625 0.046875 16.5 1.5
0.515625 0.078125 16.5 2.5
0.515625 0.109375 16.5 3.5
0.515625 0.140625 16.5 4.5
0.515625 0.171875 16.5 5.5
0.515625 0.203125 16.5 6.5
0.515625 0.234375 16.5 7.5
0.515625 0.265625 16.5 8.5
0.515625 0.296875 16.5 9.5
0.515625 0.328125 16.5 10.5
0.515625 0.359375 16.5 11.5
0.515625 0.390625 16.5 12.5
0.515625 0.421875 16.5 13.5
0.515625 0.453125 16.5 14.5
0.515625 0.484375 16.5 15.5
0.515625 0.515625 16.5 16.5
0.515625 0.546875 16.5 17.5
0.515625 0.578125 16.5 18.5
0.515625 0.609375 16.5 19.5
0.515625 0.640625 16.5 20.5
0.515625 0.671875 16.5 21.5
0.515625 0.703125 16.5 22.5
0.515625 0.734375 16.5 23.5
0.515625 0.765625 16.5 24.5
0.515625 0.796875 16.5 25.5
0.515625 0.828125 16.5 26.5
0.515625 0.859375 16.5 27.5
0.515625 0.890625 16.5 28.5
0.515625 0.921875 16.5 29.5
0.515625 0.953125 16.5 30.5
0.515625 0.984375 16.5 31.5
0.546875 0.015625 17.5 0.5
0.546875 0.046875 17.5 1.5
0.546875 0.078125 17.5 2.5
0.546875 0.109375 17.5 3.5
0.546875 0.140625 17.5 4.5
0.546875 0.171875 17.5 5.5
0.546875 0.203125 17.5 6.5
0.546875 0.234375 17.5 7.5
0.546875 0.265625 17.5 8.5
0.546875 0.296875 17.5 9.5
0.546875 0.328125 17.5 10.5
0.546875 0.359375 17.5 11.5
0.546875 0.390625 17.5 12.5
0.546875 0.421875 17.5 13.5
0.546875 0.453125 17.5 14.5
0.546875 0.484375 17.5 15.5
0.546875 0.515625 17.5 16.5
0.546875 0.546875 17.5 17.5
0.546875 0.578125 17.5 18.5
0.546875 0.609375 17.5 19.5
0.546875 0.640625 17.5 20.5
0.546875 0.671875 17.5 21.5
0.546875 0.703125 17.5 22.5
0.546875 0.734375 17.5 23.5
0.546875 0.765625 17.5 24.5
0.546875 0.796875 17.5 25.5
0.546875 0.828125 17.5 26.5
0.546875 0.859375 17.5 27.5
0.546875 0.890625 17.5 28.5
0.546875 0.921875 17.5 29.5
0.546875 0.953125 17.5 30.5
0.546875 0.984375 17.5 31.5
0.578125 0.015625 18.5 0.5
0.578125 0.046875 18.5 1.5
0.578125 0.078125 18.5 2.5
0.578125 0.109375 18.5 3.5
0.578125 0.140625 18.5 4.5
0.578125 0.171875 18.5 5.5
0.578125 0.203125 18.5 6.5
0.578125 0.234375 18.5 7.5
0.578125 0.265625 18.5 8.5
0.578125 0.296875 18.5 9.5
0.578125 0.328125 18.5 10.5
0.578125 0.359375 18.5 11.5
0.578125 0.390625 18.5 12.5
0.578125 0.421875 18.5 13.5
0.578125 0.453125 18.5 14.5
0.578125 0.484375 18.5 15.5
0.578125 0.515625 18.5 16.5
0.578125 0.546875 18.5 17.5
0.578125 0.578125 18.5 18.5
0.578125 0.609375 18.5 19.5
0.578125 0.640625 18.5 20.5
0.578125 0.671875 18.5 21.5
0.578125 0.703125 18.5 22.5
0.578125 0.734375 18.5 23.5
0.578125 0.765625 18.5 24.5
0.578125 0.796875 18.5 25.5
0.578125 0.828125 18.5 26.5
0.578125 0.859375 18.5 27.5
0.578125 0.890625 18.5 28.5
0.578125 0.921875 18.5 29.5
0.578125 0.953125 18.5 30.5
0.578125 0.984375 18.5 31.5
0.609375 0.015625 19.5 0.5
0.609375 0.046875 19.5 1.5
0.609375 0.078125 19.5 2.5
0.609375 0.109375 19.5 3.5
0.609375 0.140625 19.5 4.5
0.609375 0.171875 19.5 5.5
0.609375 0.203125 19.5 6.5
0.609375 0.234375 19.5 7.5
0.609375 0.265625 19.5 8.5
0.609375 0.296875 19.5 9.5
0.609375 0.328125 19.5 10.5
0.609375 0.359375 19.5 11.5
0.609375 0.390625 19.5 12.5
0.609375 0.421875 19.5 13.5
0.609375 0.453125 19.5 14.5
0.609375 0.484375 19.5 15.5
0.609375 0.515625 19.5 16.5
0.609375 0.546875 19.5 17.5
0.609375 0.578125 19.5 18.5
0.609375 0.609375 19.5 19.5
0.609375 0.640625 19.5 20.5
0.609375 0.671875 19.5 21.5
0.609375 0.703125 19.5 22.5
0.609375 0.734375 19.5 23.5
0.609375 0.765625 19.5 24.5
0.609375 0.796875 19.5 25.5
0.609375 0.828125 19.5 26.5
0.609375 0.859375 19.5 27.5
0.609375 0.890625 19.5 28.5
0.609375 0.921875 19.5 29.5
0.609375 0.953125 19.5 30.5
0.609375 0.984375 19.5 31.5
0.640625 0.015625 20.5 0.5
0.640625 0.046875 20.5 1.5
0.640625 0.078125 20.5 2.5
0.640625 0.109375 20.5 3.5
0.640625 0.140625 20.5 4.5
0.640625 0.171875 20.5 5.5
0.640625 0.203125 20.5 6.5
0.640625 0.234375 20.5 7.5
0.640625 0.265625 20.5 8.5
0.640625 0.296875 20.5 9.5
0.640625 0.328125 20.5 10.5
0.640625 0.359375 20.5 11.5
0.640625 0.390625 20.5 12.5
0.640625 0.421875 20.5 13.5
0.640625 0.453125 20.5 14.5
0.640625 0.484375 20.5 15.5
0.640625 0.515625 20.5 16.5
0.640625 0.546875 20.5 17.5
0.640625 0.578125 20.5 18.5
0.640625 0.609375 20.5 19.5
0.640625 0.640625 20.5 20.5
0.640625 0.671875 20.5 21.5
0.640625 0.703125 20.5 22.5
0.640625 0.734375 20.5 23.5
0.640625 0.765625 20.5 24.5
0.640625 0.796875 20.5 25.5
0.640625 0.828125 20.5 26.5
0.640625 0.859375 20.5 27.5
0.640625 0.890625 20.5 28.5
0.640625 0.921875 20.5 29.5
0.640625 0.953125 20.5 30.5
0.640625 0.984375 20.5 31.5
0.671875 0.015625 21.5 0.5
0.671875 0.046875 21.5 1.5
0.671875 0.078125 21.5 2.5
0.671875 0.109375 21.5 3.5
0.671875 0.140625 21.5 4.5
0.671875 0.171875 21.5 5.5
0.671875 0.203125 21.5 6.5
0.671875 0.234375 21.5 7.5
0.671875 0.265625 21.5 8.5
0.671875 0.296875 21.5 9.5
0.671875 0.328125 21.5 10.5
0.671875 0.359375 21.5 11.5
0.671875 0.390625 21.5 12.5
0.671875 0.421875 21.5 13.5
0.671875 0.453125 21.5 14.5
0.671875 0.484375 21.5 15.5
0.671875 0.515625 21.5 16.5
0.671875 0.546875 21.5 17.5
0.671875 0.578125 21.5 18.5
0.671875 0.609375 21.5 19.5
0.671875 0.640625 21.5 20.5
0.671875 0.671875 21.5 21.5
0.671875 0.703125 21.5 22.5
0.671875 0.734375 21.5 23.5
0.671875 0.765625 21.5 24.5
0.671875 0.796875 21.5 25.5
0.671875 0.828125 21.5 26.5
0.671875 0.859375 21.5 27.5
0.671875 0.890625 21.5 28.5
0.671875 0.921875 21.5 29.5
0.671875 0.953125 21.5 30.5
0.671875 0.984375 21.5 31.5
0.703125 0.015625 22.5 0.5
0.703125 0.046875 22.5 1.5
0.703125 0.078125 22.5 2.5
0.703125 0.109375 22.5 3.5
0.703125 0.140625 22.5 4.5
0.703125 0.171875 22.5 5.5
0.703125 0.203125 22.5 6.5
0.703125 0.234375 22.5 7.5
0.703125 0.265625 22.5 8.5
0.703125 0.296875 22.5 9.5
0.703125 0.328125 22.5 10.5
0.703125 0.359375 22.5 11.5
0.703125 0.390625 22.5 12.5
0.703125 0.421875 22.5 13.5
0.703125 0.453125 22.5 14.5
0.703125 0.484375 22.5 15.5
0.703125 0.515625 22.5 16.5
0.703125 0.546875 22.5 17.5
0.703125 0.578125 22.5 18.5
0.703125 0.609375 22.5 19.5
0.703125 0.640625 22.5 20.5
0.703125 0.671875 22.5 21.5
0.703125 0.703125 22.5 22.5
0.703125 0.734375 22.5 23.5
0.703125 0.765625 22.5 24.5
0.703125 0.796875 22.5 25.5
0.703125 0.828125 22.5 26.5
0.703125 0.859375 22.5 27.5
0.703125 0.890625 22.5 28.5
0.703125 0.921875 22.5 29.5
0.703125 0.953125 22.5 30.5
0.703125 0.984375 22.5 31.5
0.734375 0.015625 23.5 0.5
0.734375 0.046875 23.5 1.5
0.734375 0.078125 23.5 2.5
0.734375 0.109375 23.5 3.5
0.734375 0.140625 23.5 4.5
0.734375 0.171875 23.5 5.5
0.734375 0.203125 23.5 6.5
0.734375 0.234375 23.5 7.5
0.734375 0.265625 23.5 8.5
0.734375 0.296875 23.5 9.5
0.734375 0.328125 23.5 10.5
0.734375 0.359375 23.5 11.5
0.734375 0.390625 23.5 12.5
0.734375 0.421875 23.5 13.5
0.734375 0.453125 23.5 14.5
0.734375 0.484375 23.5 15.5
0.734375 0.515625 23.5 16.5
0.734375 0.546875 23.5 17.5
0.734375 0.578125 23.5 18.5
0.734375 0.609375 23.5 19.5
0.734375 0.640625 23.5 20.5
0.734375 0.671875 23.5 21.5
0.734375 0.703125 23.5 22.5
0.734375 0.734375 23.5 23.5
0.734375 0.765625 23.5 24.5
0.734375 0.796875 23.5 25.5
0.734375 0.828125 23.5 26.5
0.734375 0.859375 23.5 27.5
0.734375 0.890625 23.5 28.5
0.734375 0.921875 23.5 29.5
0.734375 0.953125 23.5 30.5
0.734375 0.984375 23.5 31.5
0.765625 0.015625 24.5 0.5
0.765625 0.046875 24.5 1.5
0.765625 0.078125 24.5 2.5
0.765625 0.109375 24.5 3.5
0.765625 0.140625 24.5 4.5
0.765625 0.171875 24.5 5.5
0.765625 0.203125 24.5 6.5
0.765625 0.234375 24.5 7.5
0.765625 0.265625 24.5 8.5
0.765625 0.296875 24.5 9.5
0.765625 0.328125 24.5 10.5
0.765625 0.359375 24.5 11.5
0.765625 0.390625 24.5 12.5
0.765625 0.421875 24.5 13.5
0.765625 0.453125 24.5 14.5
0.765625 0.484375 24.5 15.5
0.765625 0.515625 24.5 16.5
0.765625 0.546875 24.5 17.5
0.765625 0.578125 24.5 18.5
0.765625 0.609375 24.5 19.5
0.765625 0.640625 24.5 20.5
0.765625 0.671875 24.5 21.5
0.765625 0.703125 24.5 22.5
0.765625 0.734375 24.5 23.5
0.765625 0.765625 24.5 24.5
0.765625 0.796875 24.5 25.5
0.765625 0.828125 24.5 26.5
0.765625 0.859375 24.5 27.5
0.765625 0.890625 24.5 28.5
0.765625 0.921875 24.5 29.5
0.765625 0.953125 24.5 30.5
0.765625 0.984375 24.5 31.5
0.796875 0.015625 25.5 0.5
0.796875 0.046875 25.5 1.5
0.796875 0.078125 25.5 2.5
0.796875 0.109375 25.5 3.5
0.796875 0.140625 25.5 4.5
0.796875 0.171875 25.5 5.5
0.796875 0.203125 25.5 6.5
0.796875 0.234375 25.5 7.5
0.796875 0.265625 25.5 8.5
0.796875 0.296875 25.5 9.5
0.796875 0.328125 25.5 10.5
0.796875 0.359375 25.5 11.5
0.796875 0.390625 25.5 12.5
0.796875 0.421875 25.5 13.5
0.796875 0.453125 25.5 14.5
0.796875 0.484375 25.5 15.5
0.796875 0.515625 25.5 16.5
0.796875 0.546875 25.5 17.5
0.796875 0.578125 25.5 18.5
0.796875 0.609375 25.5 19.5
0.796875 0.640625 25.5 20.5
0.796875 0.671875 25.5 21.5
0.796875 0.703125 25.5 22.5
0.796875 0.734375 25.5 23.5
0.796875 0.765625 25.5 24.5
0.796875 0.796875 25.5 25.5
0.796875 0.828125 25.5 26.5
0.796875 0.859375 25.5 27.5
0.796875 0.890625 25.5 28.5
0.796875 0.921875 25.5 29.5
0.796875 0.953125 25.5 30.5
0.796875 0.984375 25.5 31.5
0.828125 0.015625 26.5 0.5
0.828125 0.046875 26.5 1.5
0.828125 0.078125 26.5 2.5
0.828125 0.109375 26.5 3.5
0.828125 0.140625 26.5 4.5
0.828125 0.171875 26.5 5.5
0.828125 0.203125 26.5 6.5
0.828125 0.234375 26.5 7.5
0.828125 0.265625 26.5 8.5
0.828125 0.296875 26.5 9.5
0.828125 0.328125 26.5 10.5
0.828125 0.359375 26.5 11.5
0.828125 0.390625 26.5 12.5
0.828125 0.421875 26.5 13.5
0.828125 0.453125 26.5 14.5
0.828125 0.484375 26.5 15.5
0.828125 0.515625 26.5 16.5
0.828125 0.546875 26.5 17.5
0.828125 0.578125 26.5 18.5
0.828125 0.609375 26.5 19.5
0.828125 0.640625 26.5 20.5
0.828125 0.671875 26.5 21.5
0.828125 0.703125 26.5 22.5
0.828125 0.734375 26.5 23.5
0.828125 0.765625 26.5 24.5
0.828125 0.796875 26.5 25.5
0.828125 0.828125 26.5 26.5
0.828125 0.859375 26.5 27.5
0.828125 0.890625 26.5 28.5
0.828125 0.921875 26.5 29.5
0.828125 0.953125 26.5 30.5
0.828125 0.984375 26.5 31.5
0.859375 0.015625 27.5 0.5
0.859375 0.046875 27.5 1.5
0.859375 0.078125 27.5 2.5
0.859375 0.109375 27.5 3.5
0.859375 0.140625 27.5 4.5
0.859375 0.171875 27.5 5.5
0.859375 0.203125 27.5 6.5
0.859375 0.234375 27.5 7.5
0.859375 0.265625 27.5 8.5
0.859375 0.296875 27.5 9.5
0.859375 0.328125 27.5 10.5
0.859375 0.359375 27.5 11.5
0.859375 0.390625 27.5 12.5
0.859375 0.421875 27.5 13.5
0.859375 0.453125 27.5 14.5
0.859375 0.484375 27.5 15.5
0.859375 0.515625 27.5 16.5
0.859375 0.546875 27.5 17.5
0.859375 0.578125 27.5 18.5
0.859375 0.609375 27.5 19.5
0.859375 0.640625 27.5 20.5
0.859375 0.671875 27.5 21.5
0.859375 0.703125 27.5 22.5
0.859375 0.734375 27.5 23.5
0.859375 0.765625 27.5 24.5
0.859375 0.796875 27.5 25.5
0.859375 0.828125 27.5 26.5
0.859375 0.859375 27.5 27.5
0.859375 0.890625 27.5 28.5
0.859375 0.921875 27.5 29.5
0.859375 0.953125 27.5 30.5
0.859375 0.984375 27.5 31.5
0.890625 0.015625 28.5 0.5
0.890625 0.046875 28.5 1.5
0.890625 0.078125 28.5 2.5
0.890625 0.109375 28.5 3.5
0.890625 0.140625 28.5 4.5
0.890625 0.171875 28.5 5.5
0.890625 0.203125 28.5 6.5
0.890625 0.234375 28.5 7.5
0.890625 0.265625 28.5 8.5
0.890625 0.296875 28.5 9.5
0.890625 0.328125 28.5 10.5
0.890625 0.359375 28.5 11.5
0.890625 0.390625 28.5 12.5
0.890625 0.421875 28.5 13.5
0.890625 0.453125 28.5 14.5
0.890625 0.484375 28.5 15.5
0.890625 0.515625 28.5 16.5
0.890625 0.546875 28.5 17.5
0.890625 0.578125 28.5 18.5
0.890625 0.609375 28.5 19.5
0.890625 0.640625 28.5 20.5
0.890625 0.671875 28.5 21.5
0.890625 0.703125 28.5 22.5
0.890625 0.734375 28.5 23.5
0.890625 0.765625 28.5 24.5
0.890625 0.796875 28.5 25.5
0.890625 0.828125 28.5 26.5
0.890625 0.859375 28.5 27.5
0.890625 0.890625 28.5 28.5
0.890625 0.921875 28.5 29.5
0.890625 0.953125 28.5 30.5
0.890625 0.984375 28.5 31.5
0.921875 0.015625 29.5 0.5
0.921875 0.046875 29.5 1.5
0.921875 0.078125 29.5 2.5
0.921875 0.109375 29.5 3.5
0.921875 0.140625 29.5 4.5
0.921875 0.171875 29.5 5.5
0.921875 0.203125 29.5 6.5
0.921875 0.234375 29.5 7.5
0.921875 0.265625 29.5 8.5
0.921875 0.296875 29.5 9.5
0.921875 0.328125 29.5 10.5
0.921875 0.359375 29.5 11.5
0.921875 0.390625 29.5 12.5
0.921875 0.421875 29.5 13.5
0.921875 0.453125 29.5 14.5
0.921875 0.484375 29.5 15.5
0.921875 0.515625 29.5 16.5
0.921875 0.546875 29.5 17.5
0.921875 0.578125 29.5 18.5
0.921875 0.609375 29.5 19.5
0.921875 0.640625 29.5 20.5
0.921875 0.671875 29.5 21.5
0.921875 0.703125 29.5 22.5
0.921875 0.734375 29.5 23.5
0.921875 0.765625 29.5 24.5
0.921875 0.796875 29.5 25.5
0.921875 0.828125 29.5 26.5
0.921875 0.859375 29.5 27.5
0.921875 0.890625 29.5 28.5
0.921875 0.921875 29.5 29.5
0.921875 0.953125 29.5 30.5
0.921875 0.984375 29.5 31.5
0.953125 0.015625 30.5 0.5
0.953125 0.046875 30.5 1.5
0.953125 0.078125 30.5 2.5
0.953125 0.109375 30.5 3.5
0.953125 0.140625 30.5 4.5
0.953125 0.171875 30.5 5.5
0.953125 0.203125 30.5 6.5
0.953125 0.234375 30.5 7.5
0.953125 0.265625 30.5 8.5
0.953125 0.296875 30.5 9.5
0.953125 0.328125 30.5 10.5
0.953125 0.359375 30.5 11.5
0.953125 0.390625 30.5 12.5
0.953125 0.421875 30.5 13.5
0.953125 0.453125 30.5 14.5
0.953125 0.484375 30.5 15.5
0.953125 0.515625 30.5 16.5
0.953125 0.546875 30.5 17.5
0.953125 0.578125 30.5 18.5
0.953125 0.609375 30.5 19.5
0.953125 0.640625 30.5 20.5
0.953125 0.671875 30.5 21.5
0.953125 0.703125 30.5 22.5
0.953125 0.734375 30.5 23.5
0.953125 0.765625 30.5 24.5
0.953125 0.796875 30.5 25.5
0.953125 0.828125 30.5 26.5
0.953125 0.859375 30.5 27.5
0.953125 0.890625 30.5 28.5
0.953125 0.921875 30.5 29.5
0.953125 0.953125 30.5 30.5
0.953125 0.984375 30.5 31.5
0.984375 0.015625 31.5 0.5
0.984375 0.046875 31.5 1.5
0.984375 0.078125 31.5 2.5
0.984375 0.109375 31.5 3.5
0.984375 0.140625 31.5 4.5
0.984375 0.171875 31.5 5.5
0.984375 0.203125 31.5 6.5
0.984375 0.234375 31.5 7.5
0.984375 0.265625 31.5 8.5
0.984375 0.296875 31.5 9.5
0.984375 0.328125 31.5 10.5
0.984375 0.359375 31.5 11.5
0.984375 0.390625 31.5 12.5
0.984375 0.421875 31.5 13.5
0.984375 0.453125 31.5 14.5
0.984375 0.484375 31.5 15.5
0.984375 0.515625 31.5 16.5
0.984375 0.546875 31.5 17.5
0.984375 0.578125 31.5 18.5
0.984375 0.609375 31.5 19.5
0.984375 0.640625 31.5 20.5
0.984375 0.671875 31.5 21.5
0.984375 0.703125 31.5 22.5
0.984375 0.734375 31.5 23.5
0.984375 0.765625 31.5 24.5
0.984375 0.796875 31.5 25.5
0.984375 0.828125 31.5 26.5
0.984375 0.859375 31.5 27.5
0.984375 0.890625 31.5 28.5
0.984375 0.921875 31.5 29.5
0.984375 0.953125 31.5 30.5
0.984375 0.984375 31.5 31.5
