8191008
0
452220600
365449806
1155609
29290200
2506752
373299448
0
0
675956312
21692350
944395600
8273059
1175720
212279181
135292779
305096793
30622008
19647254
26779219
497084220
214049500
425669027
994460208
0
103191858
326033765
48185000
653783340
234891666
5119240
1436346
38644053
17554668
132903677
23437374
385870588
14421064
2300676
196645528
948096688
0
670983960
11209680
0
23118540
147014358
2071635
767485431
213949832
60931865
0
31440
584919107
137458540
813590746
566362002
508801525
840045635
499429672
0
0
2423200
96156
243115874
31498479
123657235
162801215
951439659
356247790
31060932
508268847
967530185
768533095
290781929
20017110
0
77460760
536179659
991502326
156146926
347412546
76352833
48761448
135614090
53243656
243128492
14852565
777454942
815681616
3320836
71592807
677520366
973330211
863878677
735008050
214616053
789591602
18589286
403380886
21516836
34669366
58388228
578813666
702332043
24008750
16493247
149134954
623168
600232459
131149749
751817052
4686416
17256616
0
9863714
727569914
3061704
227862013
430154950
325507481
12446289
612992944
575862582
10937794
3489904
58942556
787796414
464900448
49688996
920850965
978104911
43846332
22004463
695990700
410986976
1137936
651921996
179154755
268817726
886962310
213299612
1760400
168267832
349849069
27703486
885192966
157988215
425709835
515867582
50240900
18763938
14126626
176910089
18210295
580639180
204335412
20779396
1400700
20780228
631481784
634824261
921940287
403264122
442048916
92235505
842574324
42594036
586609179
891197308
9089739
69061240
56215820
448324304
483525
665160317
10174228
81176516
98916025
588209630
169250203
0
9273207
511806310
101446152
370691519
216313184
865841217
795666669
997694781
13733265
36913584
78564547
199885346
1136560
325679459
582120143
321647165
82290668
127643066
881685271
30214420
361336173
212371742
412531388
6890446
96859392
14411521
19821880
2521344
521706873
279578291
875874401
0
8853960
263456935
887102398
1242054
191068491
641746664
0
7443540
275792041
33774689
69027724
31711253
15514961
896642259
11102858
44728731
153874996
4055040
0
19636300
20926151
8121438
159959092
852123889
125808197
17301712
366472128
277217666
448860384
200906190
287216230
808857210
271821671
892381134
2242240
85911239
221350973
0
49540116
767053182
803832325
54787311
0
65640377
123721402
73208394
83646851
307592203
532663974
528908752
596873
0
72196845
44943914
12651714
217364589
1847832
314143884
5065630
185813412
0
31167240
64001785
99619152
6498008
0
26565572
0
53815823
439784066
664026917
65524490
377619197
0
0
26990434
13907304
0
816757843
151143922
10298430
103089973
21776200
307678065
8403048
133723272
230658231
311627156
773077001
26025545
61381484
627104639
45553712
340916576
233725618
61538225
34639121
90873954
44305436
36691240
93933834
16416984
711262448
11450952
15493017
6401720
172772237
20313796
281077012
693578831
22803064
984281058
63102656
464353668
167323154
546052991
4852620
604235341
305277478
278012158
69646764
111985320
129309506
272831540
6962800
513411968
361937085
853568790
632130362
809312904
44194084
39321
391547440
1535040
15144228
282213354
7052360
909151235
126048366
810674573
903688130
8069347
22080662
437473250
971399528
0
523346663
77280498
449827085
596146862
4774478
0
878785162
0
52506720
13254400
1433050
106196635
811950394
325738600
910815507
996513187
497037348
7296
0
79751394
154411548
211267782
212629434
181856333
340895138
337112969
64925239
15977472
189742866
578906808
11236286
468186138
374290673
719773494
18307739
132545294
570899671
462312588
55124344
27802535
0
67446192
3356144
285084959
92400
63473664
888964706
470330735
127164766
457869916
19496236
214139804
43850696
972151123
10924412
759440
840882700
192482932
35702264
60783778
276600806
853306976
663928525
2079232
457233547
581490615
251628988
25292136
797393926
15064252
936698965
730200783
395793629
207122230
479811207
0
411525328
0
189800
961466825
267420018
343677822
25928084
663098947
1076430
8268364
5963720
397048714
3251625
460320
23651520
0
13570728
826731113
341487736
371535647
1909502
179202800
665123184
2808471
759160383
704777071
973655009
21072002
0
25382542
791003726
0
5027535
339747124
149946544
386357458
208778466
0
57009234
489282108
0
192338430
637446039
434563373
2369760
0
4805118
479713677
15560110
200789366
557085507
57791410
14594657
75080928
35076385
414110629
144657230
336793924
99206831
217578850
80638383
23045526
449837276
27252947
5054623
2711372
14555962
0
21804934
607656560
419023132
628674077
954682169
737100
538720
5219456
110689441
76128005
809702097
152087558
53351971
884258973
0
37440
0
0
55703216
55256354
722015707
249480
702178338
823561668
286294969
0
889868960
536025868
488288687
93949260
657931789
0
219643255
331459391
229823050
0
15310628
699561805
64897028
444310654
17357684
199591484
0
978672259
73389020
44349372
100980
6696000
6919080
173947531
51210900
868691013
118032335
423214744
472171746
794410133
387121098
273843576
474075407
537365047
326219427
149273567
10891640
817426888
997968827
34803936
766977520
45074212
558720313
644911430
0
127136
706593998
955865857
490050
40035685
53552566
477294804
978270427
389224214
15441616
702961325
638048228
276253880
960376207
394747618
501458634
615252824
214210760
659595810
0
86137418
4616568
56174177
370038942
1271132
11280042
731116423
54915152
843588425
0
172153885
928793799
995160589
223367145
233466792
12983664
32465968
839662446
0
37151766
0
5448624
882073293
99549828
777563793
183242682
92478362
1653696
0
488173399
0
10409672
0
41459648
154391390
98989860
50945676
829164058
12393682
13312
916897457
692359695
410998627
474006760
459383945
37492193
17695480
0
0
0
194589732
822761709
9755734
705798986
165032674
50497870
70149282
243015592
5295007
405537013
595038971
108059932
608093668
282688272
36498321
293031910
417570940
612249077
327181808
779911379
608087335
0
717517306
589169246
415678754
0
0
343159311
894974412
8774936
609357942
2980025
231852746
385058884
29496553
847188911
430477180
497753924
19570298
6174630
524350077
0
2191512
470701899
473549623
11912356
335766003
10767107
733267459
387743513
26230270
12433228
644410253
2171415
62123703
838374503
402643818
835418705
5541930
1487640
0
300128386
0
226041807
116765855
810502846
111742338
945601982
547102723
112339474
212723366
693269956
21576033
10887705
7216146
976590359
82615897
32743054
773184784
598431223
413600
239158776
624245040
928532649
283140878
0
0
11865578
331935538
43213164
481691176
628224
648299233
21474144
2812992
427503643
334834679
3650508
13000139
703798929
12366750
143701253
4579718
0
2062844
517674049
653529280
269759740
518692271
54643796
458747206
517816409
575170723
841452612
540690177
18535120
2195830
0
588431823
5924548
171038330
233050637
233607825
471947692
862671395
208099982
40890110
81731818
68507887
573394645
0
553121744
98726160
718901132
56352280
663456970
938430316
645371481
23838042
39911868
0
15730458
7165836
865188444
479200985
886806410
567539675
0
563790899
865850527
311785896
36835560
678690549
278698115
6840832
540036528
105717925
470656136
0
989982502
490212640
496695486
957233384
115355680
596771324
6971244
951168619
41381930
6882566
927554746
670742620
713337307
39656043
457352952
243832777
41355645
12492263
35433236
681053619
237488012
180297623
620592381
665118409
15130
21483600
298173372
144232430
457167512
209840778
534411222
515006396
21666696
532173182
425612496
311155620
0
65951435
0
966848360
17824026
186102926
581636381
364578432
320584758
980044167
0
986713045
0
296306194
844001559
448462065
933504
1475628
4237290
58054970
401415500
705238164
159299879
119266977
8075910
242234162
240145979
729927
795698081
445613333
320283066
393690499
720086938
6661166
60499234
14948368
673611694
400383301
283602204
98764682
128550578
0
245115102
98933278
235014078
386610012
346688568
67142499
286612152
866451648
309112104
610263827
55459641
261114963
360321242
372729615
8835448
2512
19172703
13372148
19447904
249328687
402515557
174238926
568402685
272898081
0
858815758
21185041
846754656
252810996
0
397295923
1911360
364808675
304148575
14206580
406276461
41328310
3306443
626471505
0
126750
390474510
472758670
769452160
480559232
0
2835561
293742950
93837080
41892256
505403998
21229852
37451137
21272624
607995342
46944423
116224662
293983671
640636304
746934095
7177984
45734810
510048
93834968
8150352
739831411
156932418
525390498
60840556
33870617
0
754098576
134408742
542607232
313008166
3046568
972231760
2110086
26396201
847587089
11955301
642612746
361245339
495678281
263329416
511749988
1928872
443248055
93755583
0
260181624
637415896
527141941
12928676
11017512
248365502
260244487
84911367
27339754
4837641
0
230083336
186024792
751599563
940628374
1890162
866434756
649440593
101587356
124355686
421459381
92266109
28808525
287816547
604380374
932237356
18034182
17835056
771591439
79261992
94895892
41602137
532486062
172279764
1014600
153865137
759930732
4501347
7948304
0
82074297
28789044
914308130
622523434
403892829
534334295
343337467
992097343
706104932
101968576
487461016
21922810
97603620
399161319
433306059
40625350
666227324
77140927
129484217
843323560
948177580
2617248
106159388
962023458
5408470
854784100
898394014
25231352
162151347
338980084
564317658
456130690
0
277552785
9197324
530462326
200358328
11767644
4017142
889481198
296205775
7958289
869877119
271557020
26590464
0
814821883
80773268
216135712
0
0
161810818
9874320
854819255
51911630
0
0
27201535
679717210
0
775749723
816686011
18052881
305116775
176358616
0
5759920
565809076
4046992
0
0
157373775
435471490
634365236
66301966
0
196758956
2895750
20343659
260456924
46624374
255264232
2959106
158733244
0
1951708
1588248
118178308
43816326
7031203
0
8872710
716435561
782040778
658859272
924000
62222858
79408972
54611102
676742005
29837496
1138340
745978055
291294724
819851345
19813075
0
638589313
68545835
580624536
464639842
76339020
0
22782010
234047331
8451030
81187090
1848440
569096
140677984
243896642
294319637
87976492
242148085
22094642
973520219
234784575
189286080
94844156
321028842
733710650
157530453
818114937
294772070
229481202
606422635
634103960
542096038
67367318
168415772
549064163
794110862
31151583
9712142
92752826
674348840
609132273
802769565
427039402
522179064
713505644
514964499
29042592
329692776
6497676
290539347
161834180
442432
14882625
757876471
104116643
629915870
489459550
59367954
5185635
14475030
12688318
20628178
790942977
0
36345296
197160958
918873873
0
7687904
152709635
95862254
713111998
48235382
4869036
326648341
364474917
14612831
0
886529062
139964020
947440984
541464807
667664209
428997044
27836226
17301458
239593620
352148409
273680531
846772381
309573364
379188474
250219324
34180368
697738142
3219460
463795572
839322225
533793379
12796196
103209282
949032647
0
10208058
709629542
80420990
43577614
158156630
645207529
17051702
936695905
0
524209887
0
475779700
0
12237342
61712514
0
41076208
393658628
853648688
0
47899388
192051385
800807887
910920880
892248
949042969
163501468
7172586
139197341
305237386
141752694
269798456
0
0
532732142
35954639
750163405
922933928
0
412733447
553333261
80796067
382555056
1178560
427291641
21972015
324428064
514983592
182532354
886533691
2684325
154735966
824824
726299061
61035414
654500
502389316
0
998165999
714095423
32134484
0
931587014
342342
154948705
123812599
332907316
646408619
435461957
66974314
48114605
63729909
97243214
569082596
47500797
59376255
146357120
103752846
43143736
16875050
286649683
332832142
722537864
24769460
222999613
569876946
66164014
49425246
9641346
890893626
537677413
0
2963600
730783432
510977844
515732276
0
2172348
170834677
81407421
176514557
31712282
829896456
0
228342532
259326567
38158777
204547948
525794204
13117588
305442312
7318460
167104805
852326904
470966025
295853039
785118910
358589233
33004240
110418272
204288534
44621233
4785192
38701343
556323530
33881809
171414048
595958126
508986301
264813107
725467150
52531465
5808120
7558316
392916844
305766360
47223618
1633390
645739897
399358066
0
55307702
7457428
529483814
2455830
550400852
830081478
5512556
391864038
856656702
132740600
430661630
19471676
129164054
525528955
156861233
746051936
16160100
27082761
544640028
780083362
550357874
925138141
5764968
844216401
66993929
4629720
25065
286929995
59882186
0
855000198
5983878
547265258
354926789
822039112
28261230
23365236
709383916
61900623
44401120
577412318
0
3364994
100306912
147151312
175717369
25675632
570997162
584239518
42244790
343631774
523313769
140232039
939949683
879956008
0
848166445
0
780245966
4998176
4676088
204170340
251024508
1585584
0
12710100
407933592
320339282
408327720
2157264
189854227
273781117
851589711
1428090
19448215
883721057
413950382
104420970
350498440
0
11015127
173387477
0
150423835
8472359
903974046
650326590
15171264
254250850
24103380
0
38344058
1722240
593389836
671071568
40813502
16650
465645645
17667848
176877829
10496844
506021717
361274937
0
534826222
203717160
720448150
715392
49112545
0
2666826
426550692
227535
1629771
175022861
0
98122426
554112
85031347
10732748
18576789
702665656
392650980
4445280
853090630
14631650
544771679
607172097
624133955
888569492
521737971
637120
686767532
942744900
115920
0
695194759
91576858
645250256
804639034
288811178
71085716
690228554
442810380
1015164
40065409
37607926
414083663
444219806
437712412
28375374
46710370
744193400
126976702
146779094
16233696
6370002
2609442
44557822
27105514
329782066
0
94253788
0
164480292
34104414
884758911
25840627
853945996
483586437
0
725751579
0
2345733
11216627
284047327
0
119099438
366795220
556875112
66961389
59636772
779343093
809224965
16179516
113366753
997815988
810315575
7241157
18572072
76172363
0
0
263608117
34099679
499493712
657184995
210172924
11143041
109142819
116843612
809138634
2400508
890953588
379049924
157986780
507650498
0
675468649
21417366
3237298
99044154
181161963
77457527
407877593
0
1373736
154684966
138974619
51746251
58982305
206087637
878004958
24770719
131433890
333906490
0
795754028
38408069
0
691309
201188331
0
34124962
502247185
318293256
98833292
0
287964312
235331962
668573229
479836419
3088820
778045689
36532310
93994650
8478054
211297133
52855648
170790187
0
0
51518314
0
945380138
694282705
22784589
27147125
613967401
697609882
247830030
224709394
558884876
0
767654541
22969638
49157992
5376896
418626916
73081730
43846870
589816685
216189073
966363738
801846387
952070549
87681924
535651736
356849643
30280542
0
677155686
870962509
0
11554155
12702974
40624009
640311925
259383870
624580662
11120484
4380312
61535640
169775017
620976
166640389
523299994
17624370
156070195
439553125
311198634
299499442
72641100
54831054
6548178
609272159
31123225
37776962
79022249
943030641
513012997
5386092
0
403059945
908119457
147754046
19605974
617334831
0
7024412
131414276
575363297
11462829
168592771
175913308
0
0
271465107
21985397
633221470
390232902
15051379
6820800
124013532
29435544
719671439
19219027
787902058
44770
525219853
0
1014832
0
25200
26045947
986646088
325151783
22342791
360691877
97606592
970432646
0
23499559
10647258
792222116
74559576
106999832
279688167
39088194
84778078
16490866
140070244
729434025
552468252
12147612
46556116
177986145
133437847
2518776
0
15806942
112198936
69218321
729059217
89608309
267450402
211887158
0
76032
950231384
113995061
680736604
26943330
664479179
5674731
43232484
22833752
905312425
0
715708888
267147009
213140680
358481587
0
65786865
313067965
188771186
648517502
14689466
799877622
456494145
151696719
337591528
322899300
256814991
92374066
2992005
529472576
75288361
70622096
72105686
0
117058587
0
539885077
440117444
789115816
717210162
0
33451507
489333399
19796122
7227725
