34070430
3591500
63755077
811999206
612084122
771040971
148399340
6466383
142008772
159903828
519789334
660050706
67003160
59943719
230984693
17213247
159832715
3943982
844786586
65474962
982322776
290017590
739176667
826830446
841655902
395320303
310641022
359440895
31143402
866686960
659527768
606768471
624579538
944694642
652222650
3723720
677407997
510249177
515147524
54878180
41350942
51590584
0
430006872
222449540
628207631
17051552
312580148
265730511
342807702
409529149
304636522
376976820
245989581
923267834
4740784
22373802
206309952
191188175
2464200
289931692
30145505
0
420961797
162730872
803702352
860133537
854110109
102944846
61932094
208130292
6509195
177234992
349931892
38782502
111184766
906951163
747665477
0
99874948
978319282
81627851
8250
99951068
0
911856108
416452593
10413929
365266050
0
70522162
94823826
584118510
460534438
319183677
699022078
888085661
1731471
697808566
829268187
271586301
14268800
917641559
1843240
336549368
5189760
0
79469068
604788642
195203340
297211024
143029003
42314976
96146919
293618918
0
279279590
2417376
297333348
361881002
523379684
18447908
643091639
306665744
15106176
58135118
242862738
0
99456563
0
646031948
0
341262926
4112064
102600282
56944388
138050070
795729387
330963141
747444885
925237349
605760830
882538212
9279938
760476955
0
41790850
253328934
991844622
382796698
278149561
838996690
2731938
434112530
69912314
188817341
31687814
148396822
650707218
647554226
1177554
91504428
535463337
28132562
506170847
30643830
25238832
157339317
78292057
160827657
61521542
665623667
177553990
756375283
243754129
127051110
681308064
0
0
767726701
450361766
785083234
377884928
0
44595048
402262194
933533308
42379773
103032302
11300718
23964630
744679196
845990824
285302160
39676145
731101693
47337657
0
225417178
22835863
693728344
297631932
99711489
953208744
475300696
750820643
13419418
43816717
650496750
480943158
262565393
671297411
0
244994054
978037350
540247029
68792177
0
914568530
0
31425104
648218735
53105285
325562632
460460535
0
54658772
571313683
969235563
536383219
537241995
205825088
629714912
3478596
66533772
239204045
68704356
707948182
649835251
3709680
494142948
360335457
37195443
261922403
0
30103547
20330968
0
62684634
41937756
116954793
497797178
81797681
3319920
0
16814380
194809248
31437136
6762875
329943957
604941197
634893242
0
136223278
458003524
402317819
0
9440955
45098432
638675782
52926927
230196620
33337562
324505235
790263477
83916
449423242
278415168
958491054
0
543524204
323604522
211367333
943802106
509296
2809611
10234597
470696818
260124995
8537608
104329142
112499140
92944780
794948774
216466730
925235457
130278587
0
177980582
149421837
293880220
0
424806994
673021474
0
67296907
569326523
169048299
349106824
638645231
576021574
450687940
194427399
554392244
0
5055804
0
0
21183312
212627908
708094272
189031962
0
127286227
401531655
725855860
48774983
4918419
448686980
379098625
60259494
38389603
49868315
0
0
10864953
578160715
175503433
715229322
197028550
200088204
693859561
472229862
511401319
965837869
20282983
0
101218336
199902584
282915468
743422242
969263786
261174277
0
641417717
740119604
290258104
500784732
131602550
431423341
16964030
827936359
985640179
77817838
151321228
57533690
0
0
0
210957662
732216407
125838330
765634912
788320540
455175071
67457348
996493316
53350185
0
780292907
57762446
1182768
86486633
103777062
416830940
7826868
784787861
0
279891493
154950498
668326259
81842740
0
679675378
0
839203279
925776142
713416218
429695647
755008138
394805447
180769586
372907617
173537147
332787291
0
67733242
30213320
522854252
109375294
28045470
564932770
749751407
0
689351580
67649916
158812634
508379722
14092860
973262687
0
17190245
358349576
294187295
203880640
434288195
46829674
47826262
513286839
877278273
725279584
150118694
426342938
220618585
322417824
339686116
44367832
700310137
188515295
101141659
602066326
49319836
6589315
151163592
258578788
0
516105718
23160012
7262640
0
217655367
49471209
71933332
355865580
196545469
27524833
464488865
613268940
329716582
181296483
533166550
610488678
24178906
576870
489576395
135636636
0
651368399
310851479
98127919
67157244
113496411
164313960
362155835
15656
487456962
0
14601720
588249981
11373615
16595784
814815917
238405062
99798141
108212924
790775062
320622964
987017866
31675964
976129490
711366660
169064676
251008373
65926082
520798205
457229360
697470013
470792333
119312208
896454738
142959347
0
76978940
153652206
0
151030568
534726612
108333776
34694805
316162144
623362322
736049856
654103724
60928155
16373280
426247292
41474806
3594312
0
799826848
778572502
180181638
295101266
81511107
0
223333255
634366974
628539459
836737922
573297574
974839645
314812044
269479718
71343984
11059530
168795018
0
925131354
383952131
58535662
0
141609324
2354545
4410621
36359888
12862528
0
299526228
0
26678391
960656824
10181556
89580848
443437856
811998778
140026861
23881005
267219794
27918085
868613739
862082436
28716826
133529166
164987682
206898912
128955538
0
45470778
0
30513183
3194621
888763511
944436
0
17306058
48962786
24950064
233598167
176840166
892712320
98522958
3614940
14554280
0
407663687
741737157
4382483
193571465
860926940
1584544
137309500
888041244
695661568
231428907
497891343
144102422
139313797
239138192
463271267
0
360789022
590647061
215264361
0
991399468
847307786
518314359
552148901
445598454
976684261
6066984
645031677
0
45271132
183939755
118386681
844935682
181839480
50523746
198885459
200461650
0
424471332
930267970
40011338
5809240
106247879
98138813
404145345
962061835
37523196
73800835
364522458
89031436
18054066
93993751
205508068
370436979
14272997
536474743
953607125
748292367
218646734
97831261
0
0
470014269
303551550
780647569
652275004
367503990
502099026
6450120
15687150
781283729
455025127
5848285
835696225
0
501250711
34568712
13152780
1931470
271124627
50393950
399001872
0
9598286
323054778
798632654
391417376
2998800
0
0
346532316
35816752
0
656936214
1169280
593960879
863593082
6017718
825807137
30698158
545352786
78523650
37524042
886071387
41083653
0
412869424
799697066
423039981
553812371
48804245
923002981
234615459
45697786
0
0
286645619
611703078
151798127
0
475663049
48968257
47184842
93764802
560778418
0
106470378
719889985
197545656
10884941
410417871
2404512
533061830
503397407
163173488
10180122
350846624
918436551
122703141
8569024
511114376
885567892
31558173
745480425
953474960
13006632
819560075
356454486
841910921
0
924275430
651306087
159633835
169331744
593225619
654381789
108107951
586912816
906092251
173065846
103578966
75009652
116195087
392375528
698399891
260413963
0
72815525
914318042
136095464
117721932
711385291
4105890
159739180
56597635
46060333
130788228
34712396
740751083
741908696
163521950
563370905
783632413
794531754
680020304
55064507
58975472
662948682
278387293
5886282
507146318
8264392
84143245
5367881
166787046
16787859
736898918
882159635
102011420
14747600
403705441
366857575
50203686
7621260
139046140
512915465
241239467
174242088
0
387474170
328917095
600854756
108553703
300593647
259424829
206702472
0
729321700
107375097
495535284
934692678
559440
38451088
885396913
898832555
91038170
26507581
10951640
10269688
562151825
1564920
477372241
814846552
0
53240400
0
2234286
22242417
8930358
758990972
249600
402633468
139644426
157200826
225722832
0
4981836
63397866
68886500
162699810
182672215
0
504937112
142238053
660698611
940716753
48401680
467968315
0
0
449440748
547972614
668088764
490644890
43803710
943198319
186409392
419403235
52329128
119229328
753637938
0
527252547
100217820
61295730
926818422
809643243
115231399
361530263
49234061
0
878708557
131294980
907506430
653007730
511659736
613309392
1792266
648876823
156439772
229181057
968804340
3207696
204758506
64207003
494304067
332459298
154836577
575318122
643390227
452419575
23590452
4871634
71727374
0
0
143857466
14252848
688290943
79918008
432095843
0
686003174
820988640
336599385
204860248
2091294
1093830
455591387
538971596
359902955
159870661
1219518
0
543514076
36064
24413730
399304945
8924472
0
0
610633036
372196291
377777916
2559200
972500207
0
741471149
685075328
0
862599842
891358666
341086390
546064392
285437206
2493120
23411415
44947074
527187148
957695250
6340740
26541096
0
455267154
366449901
40271790
2488800
525584272
136761734
571094787
373835206
0
911936427
571257025
415157853
63100266
0
26648834
103196811
266338328
61943121
373534590
56646423
13547520
468208264
239052120
304294916
6948968
0
0
1034194
716404609
650702998
0
6719174
540441920
124000667
29466840
96350831
645985209
737043193
237280366
6107868
0
868509717
2820433
840255649
374768043
292772688
130250901
17844570
545454498
988918114
226533661
79783886
21796050
86321866
205650005
41131338
848860102
6482241
25858826
822928534
275251790
1861160
0
373542407
33192765
0
14661612
736878269
111608966
255800118
32598952
0
6830950
826154256
312086982
46096949
268295194
540284672
191192762
134358951
0
2112519
501659
0
227872876
734691923
886262089
876762802
26727864
136154948
992612758
306357424
50820243
24807888
886439725
764427533
929630911
345419177
324545477
161767191
9177705
858034447
862214363
663658116
3053160
28418346
307509050
397363735
342147319
272408376
524787443
117461153
26131326
965035664
763753596
538197673
0
305641591
132518436
176566001
677041000
0
388074418
469919572
11507130
476320185
171657805
614201389
599327826
93782671
992506055
0
24502464
29120979
13648338
127099970
149794543
189059567
805865201
107050496
0
444664460
607935497
190902755
303433876
345546
154316110
1025492
178166335
335696953
591483556
404816286
7315740
333032871
175428287
902031110
73519912
1905090
94155854
910563192
15182271
446865750
18745418
345577543
754046282
855077632
498611689
659606439
318416574
0
535928658
309121107
604788480
452986467
937024043
62937920
0
2287170
502133000
233472052
599979972
213047482
782003704
415125850
5000940
528564249
162624430
150416836
549676520
1922025
0
468646876
193264841
677722789
785883509
637164365
0
580278228
72082433
111917056
729695169
224926381
783278846
0
730470848
892569109
873179438
934321965
918551024
427391434
33810906
198055249
322373738
417262100
288151464
247318887
92246234
237715382
8349615
104550251
822120
71285227
853724856
830211223
232968565
304864031
0
0
589959420
154535985
6844180
93354492
646528605
541704293
11646306
590464487
3662008
95023529
937732038
527064081
642403390
713204394
0
849199112
247135201
419520656
944502798
708252207
987439199
693360
0
591764358
295032730
10313658
546103930
85102415
28933584
78075762
963941967
1044000
1212600
657227229
859338393
866618830
786596452
242318701
763370114
206543682
388535321
618572076
5236749
0
470461768
65044650
212700626
0